row	col	size	circularity
1	1	333	0.5634
1	2	144	0.8035
1	3	372	0.8232
1	4	328	0.8796
1	5	202	0.8013
1	6	239	0.5151
1	7	347	0.2126
1	8	330	0.8161
1	9	304	0.9011
1	10	283	0.5419
1	11	342	0.7339
1	12	351	0.7566
1	13	344	0.8751
1	14	373	0.7335
1	15	388	0.9121
1	16	425	0.8069
1	17	343	0.8565
1	18	337	0.8866
1	19	375	0.7996
1	20	438	0.7811
1	21	373	0.8128
1	22	349	0.8904
1	23	448	0.7377
1	24	475	0.5328
1	25	430	0.2941
1	26	308	0.816
1	27	425	0.7861
1	28	411	0.785
1	29	422	0.837
1	30	393	0.8834
1	31	463	0.8972
1	32	428	0.7546
1	33	433	0.8221
1	34	435	0.8943
1	35	0	NA
1	36	0	NA
1	37	162	0.8405
1	38	132	0.9385
1	39	220	0.7977
1	40	253	0.4082
1	41	575	0.246
1	42	448	0.921
1	43	0	NA
1	44	0	NA
1	45	498	0.8124
1	46	371	0.9219
1	47	287	0.7152
1	48	472	0.6165
2	1	285	0.3819
2	2	270	0.8003
2	3	374	0.9839
2	4	314	0.861
2	5	184	0.8618
2	6	204	0.7636
2	7	317	0.82
2	8	326	0.784
2	9	277	0.8065
2	10	301	0.975
2	11	335	0.8965
2	12	346	0.854
2	13	343	0.8523
2	14	338	0.9768
2	15	338	0.7446
2	16	323	0.8438
2	17	268	0.786
2	18	271	0.855
2	19	335	0.9346
2	20	309	0.7183
2	21	287	0.8209
2	22	271	0.9634
2	23	312	0.8642
2	24	302	0.9528
2	25	271	0.855
2	26	323	0.5076
2	27	265	0.7855
2	28	284	0.92
2	29	268	0.9527
2	30	263	0.7998
2	31	288	0.8385
2	32	301	0.9084
2	33	273	1.0099
2	34	314	0.8123
2	35	0	NA
2	36	0	NA
2	37	165	0.8561
2	38	164	0.8715
2	39	219	0.9339
2	40	227	0.8231
2	41	455	0.684
2	42	454	0.7972
2	43	0	NA
2	44	0	NA
2	45	453	0.7695
2	46	412	0.8222
2	47	340	0.9418
2	48	382	0.7656
3	1	504	0.9063
3	2	400	0.9134
3	3	354	0.8137
3	4	322	0.9143
3	5	285	0.9935
3	6	302	0.9353
3	7	292	0.9283
3	8	285	0.7951
3	9	315	0.9103
3	10	328	0.9974
3	11	306	0.9836
3	12	287	0.8507
3	13	183	0.8685
3	14	186	1.0127
3	15	216	0.9294
3	16	211	0.8622
3	17	280	0.9496
3	18	252	0.8385
3	19	258	0.875
3	20	257	0.7482
3	21	254	0.9869
3	22	267	0.7773
3	23	145	0.9605
3	24	162	0.7762
3	25	99	0.8192
3	26	84	1.06
3	27	353	0.8772
3	28	277	0.8272
3	29	357	0.9789
3	30	209	0.8291
3	31	222	0.805
3	32	239	0.8666
3	33	283	0.9096
3	34	321	0.9277
3	35	360	0.8885
3	36	376	0.8781
3	37	0	NA
3	38	0	NA
3	39	202	0.9373
3	40	227	0.8163
3	41	0	NA
3	42	0	NA
3	43	424	0.9383
3	44	428	0.9837
3	45	0	NA
3	46	0	NA
3	47	264	0.9494
3	48	307	0.8781
4	1	447	0.8737
4	2	409	0.7152
4	3	375	0.8757
4	4	363	0.9325
4	5	324	0.882
4	6	232	0.9983
4	7	295	0.9379
4	8	292	0.9639
4	9	323	0.816
4	10	330	0.8831
4	11	275	0.9971
4	12	299	0.7866
4	13	177	0.9877
4	14	176	0.8832
4	15	220	0.9183
4	16	200	0.8795
4	17	299	0.8705
4	18	298	0.9837
4	19	273	0.8302
4	20	284	0.982
4	21	279	0.7922
4	22	287	0.8356
4	23	149	0.976
4	24	149	0.8927
4	25	97	0.9208
4	26	97	0.9208
4	27	349	0.8817
4	28	322	0.8617
4	29	264	0.9848
4	30	224	1.0163
4	31	217	0.9543
4	32	223	0.9308
4	33	269	0.9302
4	34	278	0.9177
4	35	314	0.9477
4	36	368	0.9297
4	37	0	NA
4	38	0	NA
4	39	202	0.9461
4	40	216	0.9294
4	41	0	NA
4	42	0	NA
4	43	406	0.8102
4	44	407	0.9149
4	45	0	NA
4	46	0	NA
4	47	263	0.9536
4	48	290	0.9836
5	1	441	0.9261
5	2	404	0.8357
5	3	371	0.8472
5	4	363	0.8672
5	5	260	0.8203
5	6	298	0.8927
5	7	333	0.8554
5	8	340	0.9486
5	9	283	0.8765
5	10	279	0.8332
5	11	303	0.9559
5	12	286	0.7708
5	13	352	0.8747
5	14	316	0.9787
5	15	309	0.8838
5	16	313	0.9113
5	17	220	0.8206
5	18	201	0.912
5	19	279	0.9283
5	20	269	0.818
5	21	247	0.9402
5	22	245	1.0011
5	23	216	0.9294
5	24	232	0.9283
5	25	288	0.7897
5	26	290	0.866
5	27	311	0.7857
5	28	312	0.8208
5	29	275	0.9776
5	30	301	0.8546
5	31	90	0.8018
5	32	77	0.9717
5	33	292	0.9825
5	34	300	0.8734
5	35	147	0.9275
5	36	172	0.7876
5	37	363	0.9783
5	38	359	0.9843
5	39	364	0.9981
5	40	358	0.9816
5	41	378	0.7703
5	42	374	0.8734
5	43	379	0.9804
5	44	401	0.8738
5	45	157	0.8548
5	46	157	0.8851
5	47	458	0.8822
5	48	497	0.9247
6	1	562	0.9328
6	2	463	0.6725
6	3	395	0.8347
6	4	367	0.8911
6	5	323	0.9238
6	6	320	0.9152
6	7	350	0.9597
6	8	336	0.8489
6	9	277	0.8739
6	10	272	0.8581
6	11	303	0.9145
6	12	282	0.8734
6	13	324	0.8185
6	14	311	0.9457
6	15	339	0.8709
6	16	302	0.9969
6	17	218	0.9587
6	18	226	0.8603
6	19	296	0.9588
6	20	294	0.8714
6	21	270	0.821
6	22	289	0.8502
6	23	229	0.8141
6	24	246	0.892
6	25	268	0.9017
6	26	291	0.8849
6	27	294	0.9705
6	28	333	0.7955
6	29	366	0.8685
6	30	322	0.8471
6	31	99	0.9397
6	32	76	0.9957
6	33	310	0.8802
6	34	301	0.9322
6	35	160	0.9586
6	36	167	0.8875
6	37	338	0.9597
6	38	327	0.8751
6	39	345	0.8716
6	40	318	0.8657
6	41	361	0.8297
6	42	365	0.9221
6	43	360	0.86
6	44	390	0.8068
6	45	169	0.8769
6	46	174	1.0057
6	47	473	0.9301
6	48	507	0.8745
7	1	0	NA
7	2	0	NA
7	3	313	0.8376
7	4	308	0.9717
7	5	0	NA
7	6	0	NA
7	7	346	0.9259
7	8	309	0.8838
7	9	248	0.8816
7	10	227	0.9983
7	11	316	0.9713
7	12	308	0.9129
7	13	337	0.8657
7	14	326	0.8577
7	15	303	1.0002
7	16	268	0.8681
7	17	299	0.919
7	18	280	0.8738
7	19	337	0.8866
7	20	308	0.8967
7	21	323	0.8856
7	22	299	0.9948
7	23	312	0.9919
7	24	305	0.888
7	25	262	0.8886
7	26	317	0.9298
7	27	333	0.8275
7	28	349	0.9406
7	29	377	0.9368
7	30	377	0.9305
7	31	327	0.919
7	32	302	0.8575
7	33	250	0.9714
7	34	284	0.9375
7	35	200	1.0377
7	36	192	0.8992
7	37	0	NA
7	38	0	NA
7	39	340	0.8734
7	40	346	0.8005
7	41	0	NA
7	42	0	NA
7	43	381	0.87
7	44	401	0.9802
7	45	0	NA
7	46	0	NA
7	47	438	0.8926
7	48	470	0.9322
8	1	0	NA
8	2	0	NA
8	3	337	0.8866
8	4	305	0.9205
8	5	0	NA
8	6	0	NA
8	7	346	0.9259
8	8	285	0.9232
8	9	237	0.9209
8	10	233	0.9243
8	11	322	0.9143
8	12	313	0.8376
8	13	330	0.8477
8	14	325	0.8848
8	15	316	1.0046
8	16	332	0.9496
8	17	285	0.8667
8	18	289	0.8722
8	19	325	0.9462
8	20	326	0.9491
8	21	290	0.8294
8	22	320	0.9911
8	23	321	0.9761
8	24	334	0.9252
8	25	319	0.988
8	26	331	0.9235
8	27	343	0.8194
8	28	345	0.946
8	29	383	0.9676
8	30	390	0.9317
8	31	346	0.7953
8	32	314	0.9307
8	33	246	0.8745
8	34	282	0.9488
8	35	185	0.8584
8	36	196	0.9836
8	37	0	NA
8	38	0	NA
8	39	350	0.9938
8	40	350	0.9208
8	41	0	NA
8	42	0	NA
8	43	396	0.9774
8	44	421	0.9525
8	45	0	NA
8	46	0	NA
8	47	456	0.8364
8	48	505	0.9209
9	1	505	0.9209
9	2	410	0.7898
9	3	415	0.7432
9	4	388	0.9269
9	5	404	0.9081
9	6	398	0.8672
9	7	314	0.8261
9	8	310	0.8649
9	9	318	0.9258
9	10	318	0.9774
9	11	217	1.0069
9	12	194	0.9967
9	13	336	0.7672
9	14	330	0.8621
9	15	341	0.9125
9	16	333	0.8911
9	17	295	0.8525
9	18	295	0.8437
9	19	307	0.8781
9	20	298	0.8314
9	21	285	0.9232
9	22	317	0.8909
9	23	0	NA
9	24	0	NA
9	25	351	0.8663
9	26	310	0.9427
9	27	341	0.8416
9	28	326	0.9256
9	29	186	0.9651
9	30	177	0.9406
9	31	254	0.9669
9	32	242	0.8775
9	33	333	0.8911
9	34	310	0.9427
9	35	308	0.8445
9	36	325	0.7945
9	37	254	0.9869
9	38	260	0.9427
9	39	254	0.9869
9	40	251	0.9555
9	41	212	0.9122
9	42	222	0.805
9	43	398	0.989
9	44	389	0.9084
9	45	393	0.838
9	46	419	0.7796
9	47	0	NA
9	48	0	NA
10	1	467	0.9319
10	2	394	0.9201
10	3	400	0.8529
10	4	350	0.8991
10	5	365	0.8922
10	6	350	0.9054
10	7	326	0.9324
10	8	295	0.9379
10	9	302	0.8792
10	10	296	0.8933
10	11	196	0.9094
10	12	214	0.8489
10	13	335	0.8606
10	14	315	0.9171
10	15	332	0.8116
10	16	336	0.9782
10	17	286	0.9516
10	18	281	0.9276
10	19	284	0.9556
10	20	272	0.9481
10	21	280	0.8299
10	22	284	0.9375
10	23	0	NA
10	24	0	NA
10	25	358	0.9044
10	26	348	0.922
10	27	342	0.9152
10	28	349	0.8474
10	29	183	0.8768
10	30	187	0.896
10	31	267	0.996
10	32	250	0.8645
10	33	350	0.9765
10	34	355	0.816
10	35	341	0.9125
10	36	338	0.8955
10	37	262	0.8886
10	38	273	0.9259
10	39	231	0.7483
10	40	258	0.9097
10	41	195	0.9343
10	42	197	0.9439
10	43	369	0.8815
10	44	383	0.8803
10	45	364	0.8638
10	46	427	0.7944
10	47	0	NA
10	48	0	NA
11	1	279	0.7922
11	2	252	0.9245
11	3	251	0.8923
11	4	235	0.8693
11	5	335	0.9929
11	6	308	0.9296
11	7	393	0.9239
11	8	392	0.8731
11	9	311	0.8677
11	10	315	0.8788
11	11	305	0.988
11	12	334	0.9252
11	13	166	0.9038
11	14	172	0.9942
11	15	287	0.9657
11	16	264	0.9309
11	17	303	0.7529
11	18	304	0.9848
11	19	348	0.8589
11	20	341	0.876
11	21	196	0.8811
11	22	205	0.9216
11	23	360	0.9566
11	24	371	0.7911
11	25	88	0.8629
11	26	61	1.1217
11	27	348	0.9709
11	28	282	0.8297
11	29	386	0.9462
11	30	344	0.9365
11	31	311	0.8895
11	32	328	0.8777
11	33	0	NA
11	34	0	NA
11	35	0	NA
11	36	0	NA
11	37	0	NA
11	38	0	NA
11	39	348	0.7822
11	40	355	0.912
11	41	0	NA
11	42	0	NA
11	43	350	0.8842
11	44	367	0.9208
11	45	0	NA
11	46	0	NA
11	47	438	0.9339
11	48	513	0.863
12	1	281	0.9716
12	2	247	0.8154
12	3	238	0.7919
12	4	233	0.9323
12	5	339	0.987
12	6	353	0.9446
12	7	444	0.9324
12	8	438	0.9004
12	9	327	0.9123
12	10	314	0.9477
12	11	340	0.9256
12	12	335	0.9346
12	13	189	0.8769
12	14	178	0.9459
12	15	270	0.979
12	16	263	0.9273
12	17	314	0.8548
12	18	325	0.764
12	19	345	0.8924
12	20	370	0.9901
12	21	198	0.852
12	22	207	0.864
12	23	337	0.9174
12	24	354	0.8943
12	25	76	0.7919
12	26	74	0.8554
12	27	343	0.9405
12	28	310	0.9427
12	29	361	0.9431
12	30	323	0.9171
12	31	302	0.9183
12	32	295	0.823
12	33	0	NA
12	34	0	NA
12	35	0	NA
12	36	0	NA
12	37	0	NA
12	38	0	NA
12	39	316	0.9366
12	40	302	0.9353
12	41	0	NA
12	42	0	NA
12	43	328	0.8629
12	44	366	0.8947
12	45	0	NA
12	46	0	NA
12	47	420	0.9295
12	48	482	0.8547
13	1	535	0.9228
13	2	446	0.957
13	3	378	0.971
13	4	359	0.9222
13	5	290	0.9394
13	6	302	0.8281
13	7	0	NA
13	8	0	NA
13	9	245	0.8639
13	10	225	0.9391
13	11	278	0.9354
13	12	258	0.8921
13	13	298	0.8833
13	14	271	0.9371
13	15	247	0.9323
13	16	252	0.9322
13	17	290	0.9573
13	18	185	0.9284
13	19	0	NA
13	20	0	NA
13	21	376	0.9434
13	22	368	0.8272
13	23	322	0.8829
13	24	314	0.9906
13	25	275	0.9971
13	26	285	0.8092
13	27	351	0.9393
13	28	332	0.8884
13	29	304	0.9848
13	30	280	0.9496
13	31	261	0.8234
13	32	283	0.9096
13	33	342	0.9542
13	34	362	0.9687
13	35	205	0.8556
13	36	208	0.9437
13	37	397	0.9421
13	38	378	0.903
13	39	371	0.9999
13	40	386	0.8872
13	41	372	0.8054
13	42	407	0.9882
13	43	305	0.988
13	44	345	0.8573
13	45	165	1.0411
13	46	169	0.8021
13	47	384	0.8632
13	48	436	0.883
14	1	546	0.8942
14	2	433	0.7864
14	3	369	0.7473
14	4	361	0.7816
14	5	300	0.837
14	6	299	0.8705
14	7	0	NA
14	8	0	NA
14	9	254	0.8228
14	10	231	0.9163
14	11	298	0.9229
14	12	263	0.8682
14	13	285	0.8601
14	14	284	0.896
14	15	240	0.9807
14	16	249	0.861
14	17	227	0.9195
14	18	205	0.9955
14	19	0	NA
14	20	0	NA
14	21	377	0.8665
14	22	375	0.9319
14	23	323	0.9822
14	24	314	0.9477
14	25	255	0.9908
14	26	251	0.9555
14	27	349	0.8817
14	28	331	0.9637
14	29	313	0.9347
14	30	281	0.8391
14	31	276	0.8548
14	32	297	0.9442
14	33	363	0.9882
14	34	376	0.9892
14	35	198	0.8707
14	36	214	0.8821
14	37	385	0.9259
14	38	368	0.9082
14	39	410	0.9276
14	40	411	0.9598
14	41	386	0.8733
14	42	400	0.9712
14	43	331	0.8858
14	44	329	0.8655
14	45	174	0.8732
14	46	182	0.9045
14	47	388	0.9061
14	48	463	0.9183
15	1	117	0.9282
15	2	119	0.9441
15	3	384	0.8632
15	4	357	0.9326
15	5	319	0.8115
15	6	320	0.8563
15	7	346	0.8598
15	8	341	0.9753
15	9	205	1.0051
15	10	191	0.7805
15	11	369	0.9107
15	12	361	0.8624
15	13	183	1.0317
15	14	164	0.8715
15	15	396	0.9248
15	16	355	0.9339
15	17	315	0.9337
15	18	346	0.9325
15	19	385	0.8849
15	20	389	0.8744
15	21	345	0.9298
15	22	350	0.8045
15	23	219	0.8687
15	24	219	0.8763
15	25	370	0.878
15	26	348	0.8507
15	27	343	0.8873
15	28	322	0.921
15	29	342	0.7452
15	30	358	0.8692
15	31	260	0.8266
15	32	307	0.8565
15	33	0	NA
15	34	0	NA
15	35	48	1.193
15	36	74	1.1268
15	37	0	NA
15	38	0	NA
15	39	345	0.9076
15	40	355	0.8822
15	41	0	NA
15	42	0	NA
15	43	372	0.8232
15	44	410	0.8798
15	45	0	NA
15	46	0	NA
15	47	406	0.8847
15	48	478	0.8359
16	1	115	0.8044
16	2	115	1.0115
16	3	381	0.8757
16	4	353	0.8712
16	5	306	0.833
16	6	312	0.9416
16	7	340	0.9098
16	8	338	0.9597
16	9	168	0.8631
16	10	187	0.8677
16	11	362	0.9926
16	12	361	0.8567
16	13	205	1.0287
16	14	182	0.9443
16	15	424	0.9041
16	16	396	0.984
16	17	378	0.8828
16	18	356	0.9932
16	19	357	0.9789
16	20	346	0.9259
16	21	355	0.9339
16	22	362	0.9855
16	23	231	0.7626
16	24	244	0.8603
16	25	387	0.8304
16	26	377	0.8343
16	27	347	0.8767
16	28	332	0.8884
16	29	372	0.8687
16	30	357	0.8025
16	31	286	0.9889
16	32	301	0.9322
16	33	0	NA
16	34	0	NA
16	35	62	0.944
16	36	65	0.9897
16	37	0	NA
16	38	0	NA
16	39	377	0.8804
16	40	386	0.916
16	41	0	NA
16	42	0	NA
16	43	403	0.9411
16	44	421	0.8401
16	45	0	NA
16	46	0	NA
16	47	436	0.816
16	48	501	0.7343
17	1	405	0.9309
17	2	373	0.9744
17	3	361	0.8431
17	4	327	0.945
17	5	337	0.9174
17	6	330	0.8682
17	7	246	0.8674
17	8	264	0.9766
17	9	354	0.8943
17	10	328	0.9313
17	11	253	0.9359
17	12	266	0.984
17	13	0	NA
17	14	0	NA
17	15	0	NA
17	16	0	NA
17	17	338	0.9045
17	18	306	0.907
17	19	294	0.9524
17	20	304	0.8851
17	21	357	0.9235
17	22	411	0.8631
17	23	0	NA
17	24	0	NA
17	25	289	0.9913
17	26	286	0.7842
17	27	124	0.9554
17	28	114	0.9044
17	29	312	0.9317
17	30	293	0.9491
17	31	161	0.9306
17	32	169	1.0501
17	33	287	0.8149
17	34	293	0.9315
17	35	0	NA
17	36	0	NA
17	37	426	0.9791
17	38	425	0.8481
17	39	0	NA
17	40	0	NA
17	41	418	0.925
17	42	418	0.925
17	43	0	NA
17	44	0	NA
17	45	444	0.8678
17	46	437	0.8016
17	47	257	0.8108
17	48	269	0.9951
18	1	391	0.9192
18	2	346	0.9259
18	3	356	0.7476
18	4	323	0.8355
18	5	353	0.9287
18	6	325	0.9295
18	7	249	0.8852
18	8	232	0.9283
18	9	322	0.8471
18	10	315	0.9103
18	11	273	0.8775
18	12	257	1.0071
18	13	0	NA
18	14	0	NA
18	15	0	NA
18	16	0	NA
18	17	321	0.811
18	18	309	0.8903
18	19	322	0.8829
18	20	306	0.8909
18	21	376	0.9343
18	22	431	0.919
18	23	0	NA
18	24	0	NA
18	25	304	0.9957
18	26	278	0.9882
18	27	98	0.9741
18	28	99	0.984
18	29	319	0.9455
18	30	314	0.8548
18	31	174	1.0424
18	32	157	0.8146
18	33	284	1.0014
18	34	301	0.9084
18	35	0	NA
18	36	0	NA
18	37	429	0.9348
18	38	415	0.9692
18	39	0	NA
18	40	0	NA
18	41	437	0.9522
18	42	434	0.9604
18	43	0	NA
18	44	0	NA
18	45	466	0.7747
18	46	454	0.7638
18	47	246	0.9965
18	48	223	0.9308
19	1	449	0.8403
19	2	398	0.8617
19	3	324	0.9433
19	4	307	0.9099
19	5	315	0.8429
19	6	285	0.9232
19	7	329	0.8452
19	8	314	0.9307
19	9	343	0.8811
19	10	326	0.9663
19	11	345	0.8242
19	12	335	0.912
19	13	297	0.8143
19	14	315	0.8788
19	15	307	0.9032
19	16	320	0.9316
19	17	226	0.8781
19	18	214	0.9012
19	19	355	0.8032
19	20	335	0.912
19	21	318	0.8425
19	22	334	0.864
19	23	162	0.9462
19	24	185	0.9599
19	25	205	0.8821
19	26	199	0.9233
19	27	359	0.8921
19	28	364	0.9741
19	29	200	0.8795
19	30	205	0.8821
19	31	399	0.9688
19	32	406	0.9699
19	33	0	NA
19	34	0	NA
19	35	253	0.9098
19	36	249	0.8066
19	37	0	NA
19	38	0	NA
19	39	0	NA
19	40	0	NA
19	41	0	NA
19	42	0	NA
19	43	465	0.9559
19	44	438	0.8034
19	45	0	NA
19	46	0	NA
19	47	412	0.8785
19	48	479	0.9362
20	1	444	0.8261
20	2	371	0.7911
20	3	327	0.8813
20	4	308	0.9296
20	5	282	0.9943
20	6	301	0.8546
20	7	313	0.8733
20	8	312	0.9919
20	9	327	0.962
20	10	321	0.8445
20	11	306	0.9305
20	12	336	0.9213
20	13	274	0.8711
20	14	277	0.8423
20	15	278	0.9005
20	16	319	0.988
20	17	226	0.9235
20	18	236	0.8803
20	19	328	0.9381
20	20	345	0.9392
20	21	302	0.7945
20	22	308	0.8242
20	23	167	0.9653
20	24	160	0.9152
20	25	203	0.9953
20	26	187	0.9081
20	27	330	0.8536
20	28	321	0.9114
20	29	208	0.8682
20	30	223	0.8086
20	31	409	0.8162
20	32	434	0.7914
20	33	0	NA
20	34	0	NA
20	35	244	0.9481
20	36	271	0.8393
20	37	0	NA
20	38	0	NA
20	39	0	NA
20	40	0	NA
20	41	0	NA
20	42	0	NA
20	43	426	0.9283
20	44	443	0.6721
20	45	0	NA
20	46	0	NA
20	47	422	0.808
20	48	523	0.7155
21	1	452	0.8888
21	2	396	0.9248
21	3	365	0.8205
21	4	353	0.9222
21	5	314	0.9307
21	6	323	0.9748
21	7	316	0.9366
21	8	290	0.9149
21	9	238	0.863
21	10	232	0.948
21	11	148	0.8773
21	12	151	0.9528
21	13	290	0.9394
21	14	286	0.9889
21	15	177	0.7233
21	16	197	0.8663
21	17	315	0.9171
21	18	316	0.9436
21	19	107	0.8854
21	20	99	0.9397
21	21	327	0.8261
21	22	324	0.9364
21	23	0	NA
21	24	0	NA
21	25	331	0.9398
21	26	314	0.9548
21	27	293	0.7841
21	28	306	0.9405
21	29	315	0.9407
21	30	362	0.7838
21	31	0	NA
21	32	0	NA
21	33	359	0.9607
21	34	350	0.8098
21	35	155	1.0431
21	36	152	0.8569
21	37	0	NA
21	38	0	NA
21	39	431	0.919
21	40	396	0.9615
21	41	418	0.756
21	42	403	0.9059
21	43	311	0.9812
21	44	349	0.9737
21	45	398	0.9148
21	46	441	0.9697
21	47	0	NA
21	48	0	NA
22	1	481	0.8412
22	2	398	0.7746
22	3	365	0.9767
22	4	368	0.9297
22	5	341	0.8971
22	6	332	0.9427
22	7	319	0.8747
22	8	308	0.8593
22	9	229	0.9357
22	10	212	0.8237
22	11	139	0.8867
22	12	137	0.8422
22	13	266	0.9456
22	14	305	0.904
22	15	181	0.9619
22	16	213	0.9576
22	17	313	0.8952
22	18	329	0.9113
22	19	93	0.8947
22	20	124	0.9394
22	21	319	0.8747
22	22	311	0.883
22	23	0	NA
22	24	0	NA
22	25	317	0.9396
22	26	281	0.8391
22	27	287	0.9924
22	28	300	0.9123
22	29	297	0.9804
22	30	347	0.9286
22	31	0	NA
22	32	0	NA
22	33	355	0.9183
22	34	352	0.975
22	35	162	0.882
22	36	137	1.0556
22	37	0	NA
22	38	0	NA
22	39	376	0.8321
22	40	368	0.8791
22	41	379	0.8851
22	42	417	0.9522
22	43	284	0.9375
22	44	353	0.8571
22	45	345	0.8924
22	46	436	0.87
22	47	0	NA
22	48	0	NA
23	1	351	0.9793
23	2	348	0.9313
23	3	369	0.8815
23	4	364	0.9133
23	5	0	NA
23	6	0	NA
23	7	322	0.8412
23	8	285	0.9408
23	9	292	0.9212
23	10	307	0.9508
23	11	300	0.8892
23	12	330	0.9781
23	13	0	NA
23	14	0	NA
23	15	351	0.8385
23	16	351	0.9624
23	17	289	0.8951
23	18	309	0.9159
23	19	250	0.9248
23	20	251	0.9101
23	21	274	0.8332
23	22	263	0.892
23	23	169	0.8769
23	24	130	0.9618
23	25	351	0.9017
23	26	335	0.8813
23	27	123	1.0491
23	28	109	0.9296
23	29	320	0.9911
23	30	345	0.8377
23	31	287	0.8727
23	32	291	0.8849
23	33	0	NA
23	34	0	NA
23	35	442	0.8639
23	36	407	0.8122
23	37	0	NA
23	38	0	NA
23	39	221	1.0027
23	40	197	0.8663
23	41	0	NA
23	42	0	NA
23	43	359	0.9843
23	44	362	0.9756
23	45	0	NA
23	46	0	NA
23	47	423	0.8515
23	48	504	0.8332
24	1	411	0.8763
24	2	346	0.9259
24	3	378	0.8828
24	4	361	0.9828
24	5	0	NA
24	6	0	NA
24	7	334	0.8938
24	8	292	0.8501
24	9	341	0.828
24	10	296	0.9771
24	11	302	0.8082
24	12	326	0.8724
24	13	0	NA
24	14	0	NA
24	15	370	0.8504
24	16	370	0.8839
24	17	298	0.8523
24	18	277	0.8423
24	19	250	0.9917
24	20	251	0.9753
24	21	255	0.8649
24	22	255	0.9433
24	23	151	0.8819
24	24	138	0.904
24	25	289	0.8266
24	26	337	0.8374
24	27	121	0.7926
24	28	115	0.8271
24	29	324	0.9267
24	30	342	0.804
24	31	276	0.9926
24	32	288	0.9086
24	33	0	NA
24	34	0	NA
24	35	399	0.8562
24	36	381	0.9102
24	37	0	NA
24	38	0	NA
24	39	213	0.9883
24	40	210	0.9235
24	41	0	NA
24	42	0	NA
24	43	350	0.9366
24	44	354	0.9313
24	45	0	NA
24	46	0	NA
24	47	408	0.889
24	48	465	0.8651
25	1	466	0.9299
25	2	419	0.8189
25	3	379	0.8711
25	4	362	0.9619
25	5	241	0.8174
25	6	248	0.8344
25	7	328	0.884
25	8	296	0.8466
25	9	254	0.8783
25	10	253	0.8748
25	11	288	0.9329
25	12	300	0.8226
25	13	338	0.8892
25	14	368	0.8019
25	15	0	NA
25	16	0	NA
25	17	346	0.8266
25	18	365	0.9376
25	19	97	0.8918
25	20	98	1.0937
25	21	321	0.9346
25	22	353	0.8772
25	23	309	0.9824
25	24	325	0.8407
25	25	309	0.9159
25	26	295	0.8809
25	27	290	0.7502
25	28	288	0.9582
25	29	264	0.8715
25	30	260	0.9814
25	31	323	0.9012
25	32	350	0.8556
25	33	358	0.8896
25	34	387	0.8433
25	35	372	0.8887
25	36	380	0.9078
25	37	277	0.9144
25	38	281	0.9276
25	39	0	NA
25	40	0	NA
25	41	399	0.8203
25	42	364	0.8696
25	43	288	0.7897
25	44	292	0.9043
25	45	349	0.8672
25	46	355	0.8032
25	47	397	0.9125
25	48	464	0.7569
26	1	529	0.895
26	2	462	0.71
26	3	393	0.8892
26	4	376	0.928
26	5	252	0.9322
26	6	248	0.8992
26	7	335	0.8965
26	8	269	0.9302
26	9	298	0.784
26	10	269	1.024
26	11	296	0.9001
26	12	308	0.9366
26	13	314	0.9477
26	14	362	0.9299
26	15	0	NA
26	16	0	NA
26	17	360	0.9312
26	18	334	0.8787
26	19	112	0.863
26	20	93	1.0911
26	21	335	0.7579
26	22	343	0.9739
26	23	315	0.8788
26	24	300	0.9221
26	25	315	0.9267
26	26	305	0.8162
26	27	294	0.9524
26	28	267	0.9602
26	29	271	0.8779
26	30	236	0.8984
26	31	343	0.9179
26	32	369	0.9322
26	33	333	0.9524
26	34	349	0.9982
26	35	393	0.8834
26	36	392	0.8411
26	37	291	1.0062
26	38	279	0.8802
26	39	0	NA
26	40	0	NA
26	41	379	0.9202
26	42	367	0.9821
26	43	282	0.9135
26	44	307	0.8938
26	45	371	0.9157
26	46	378	0.897
26	47	426	0.8812
26	48	490	0.837
27	1	0	NA
27	2	0	NA
27	3	442	0.8342
27	4	396	0.8959
27	5	0	NA
27	6	0	NA
27	7	346	0.8741
27	8	330	0.8145
27	9	119	0.9327
27	10	130	0.8292
27	11	372	0.8232
27	12	301	0.8763
27	13	308	0.9467
27	14	324	0.904
27	15	244	0.921
27	16	260	0.8266
27	17	0	NA
27	18	0	NA
27	19	366	0.9794
27	20	364	0.9741
27	21	278	1.008
27	22	291	0.8323
27	23	318	0.9426
27	24	316	0.9366
27	25	0	NA
27	26	0	NA
27	27	289	0.9362
27	28	271	0.8946
27	29	303	0.9815
27	30	300	0.9291
27	31	231	0.8793
27	32	235	0.9322
27	33	0	NA
27	34	0	NA
27	35	0	NA
27	36	0	NA
27	37	0	NA
27	38	0	NA
27	39	435	0.9565
27	40	416	0.9715
27	41	0	NA
27	42	0	NA
27	43	308	0.99
27	44	312	0.8555
27	45	0	NA
27	46	0	NA
27	47	390	0.8964
27	48	476	0.7795
28	1	0	NA
28	2	0	NA
28	3	456	0.8364
28	4	405	0.8635
28	5	0	NA
28	6	0	NA
28	7	377	0.9368
28	8	370	0.8188
28	9	109	0.9019
28	10	122	0.997
28	11	371	0.7791
28	12	318	0.8169
28	13	297	0.9442
28	14	305	0.9275
28	15	250	0.9248
28	16	249	0.9211
28	17	0	NA
28	18	0	NA
28	19	378	0.9178
28	20	347	0.9065
28	21	251	0.8679
28	22	274	0.8182
28	23	326	0.8724
28	24	343	0.9338
28	25	0	NA
28	26	0	NA
28	27	300	0.9054
28	28	270	0.9336
28	29	307	0.9336
28	30	308	0.8967
28	31	203	0.9419
28	32	233	0.9243
28	33	0	NA
28	34	0	NA
28	35	0	NA
28	36	0	NA
28	37	0	NA
28	38	0	NA
28	39	373	0.9582
28	40	374	0.8098
28	41	0	NA
28	42	0	NA
28	43	319	1.0064
28	44	327	0.9944
28	45	0	NA
28	46	0	NA
28	47	400	0.9556
28	48	549	0.6326
29	1	191	0.8218
29	2	277	0.9144
29	3	426	0.7926
29	4	378	0.8365
29	5	354	0.8595
29	6	373	0.8996
29	7	0	NA
29	8	0	NA
29	9	367	0.9272
29	10	345	0.9625
29	11	295	1.0005
29	12	276	0.8941
29	13	298	0.8314
29	14	298	0.8612
29	15	303	0.9815
29	16	291	0.987
29	17	392	0.8358
29	18	400	0.8661
29	19	298	0.9653
29	20	313	0.9046
29	21	187	0.9081
29	22	174	1.0315
29	23	317	0.8844
29	24	327	0.8966
29	25	99	0.984
29	26	113	0.9939
29	27	270	0.9085
29	28	256	0.8293
29	29	218	0.9296
29	30	238	0.9169
29	31	238	0.9523
29	32	265	0.9163
29	33	114	0.8199
29	34	127	0.9785
29	35	0	NA
29	36	0	NA
29	37	309	0.7993
29	38	310	0.85
29	39	346	0.7953
29	40	335	0.9346
29	41	365	0.8524
29	42	363	0.8343
29	43	277	0.9847
29	44	299	0.9092
29	45	374	0.8734
29	46	439	0.9715
29	47	0	NA
29	48	0	NA
30	1	179	0.9513
30	2	236	0.9643
30	3	405	0.8203
30	4	413	0.7955
30	5	381	0.9189
30	6	383	0.9299
30	7	0	NA
30	8	0	NA
30	9	345	0.8863
30	10	363	0.9714
30	11	315	0.9938
30	12	318	0.851
30	13	324	0.8381
30	14	297	0.9442
30	15	246	0.892
30	16	281	0.9908
30	17	340	0.8945
30	18	375	0.8757
30	19	289	0.9993
30	20	293	0.9672
30	21	176	0.8166
30	22	177	1.0231
30	23	293	0.9859
30	24	318	1.0032
30	25	106	0.9323
30	26	99	0.9397
30	27	254	0.8013
30	28	262	1.018
30	29	220	0.8375
30	30	226	0.9638
30	31	230	0.8755
30	32	272	0.9405
30	33	125	0.7974
30	34	129	0.9278
30	35	0	NA
30	36	0	NA
30	37	353	0.9446
30	38	325	0.8697
30	39	341	0.9682
30	40	334	0.9653
30	41	363	0.816
30	42	341	0.8821
30	43	296	0.8554
30	44	289	0.8788
30	45	361	0.8624
30	46	448	0.9267
30	47	0	NA
30	48	0	NA
31	1	483	0.8736
31	2	437	0.9177
31	3	408	0.9378
31	4	386	0.9309
31	5	0	NA
31	6	0	NA
31	7	423	0.8696
31	8	356	0.8369
31	9	297	0.8085
31	10	313	0.8733
31	11	331	0.9076
31	12	371	0.9309
31	13	0	NA
31	14	0	NA
31	15	345	0.997
31	16	311	0.8766
31	17	245	0.9519
31	18	210	1.0296
31	19	234	0.9363
31	20	201	0.9326
31	21	262	0.9692
31	22	285	0.9232
31	23	347	0.9852
31	24	296	0.8773
31	25	49	1.0271
31	26	38	0.9957
31	27	300	0.9903
31	28	301	0.8763
31	29	285	0.9855
31	30	267	0.9491
31	31	327	0.8071
31	32	381	0.8302
31	33	0	NA
31	34	0	NA
31	35	397	0.9639
31	36	416	0.8736
31	37	0	NA
31	38	0	NA
31	39	387	0.9397
31	40	348	0.845
31	41	0	NA
31	42	0	NA
31	43	386	0.8411
31	44	383	0.9362
31	45	0	NA
31	46	0	NA
31	47	512	0.9206
31	48	620	0.7112
32	1	526	0.792
32	2	451	0.7748
32	3	433	0.9013
32	4	395	0.8741
32	5	0	NA
32	6	0	NA
32	7	450	0.8616
32	8	382	0.9065
32	9	373	0.9516
32	10	299	0.849
32	11	353	0.9679
32	12	421	0.9613
32	13	0	NA
32	14	0	NA
32	15	466	0.8795
32	16	404	0.8803
32	17	346	0.8741
32	18	330	0.937
32	19	364	0.9909
32	20	362	0.9457
32	21	369	0.8349
32	22	377	0.9685
32	23	430	0.8895
32	24	466	0.9299
32	25	125	0.7974
32	26	130	0.9732
32	27	460	0.8991
32	28	433	0.9733
32	29	414	0.9221
32	30	374	0.8407
32	31	449	0.9288
32	32	494	0.859
32	33	0	NA
32	34	0	NA
32	35	570	0.8429
32	36	535	0.8598
32	37	0	NA
32	38	0	NA
32	39	497	0.8741
32	40	457	0.8803
32	41	0	NA
32	42	0	NA
32	43	458	0.8644
32	44	487	0.7202
32	45	0	NA
32	46	0	NA
32	47	573	0.7586
32	48	581	0.7813
