# gitter v1.0.3 data file generated on Mon Jan 13 10:49:57 2014
# Warning: possible misgridding caused by an abundance in low colony size or circularity
# Flags: S - Colony spill or edge interference, C - Low colony circularity
# row	col	size	circularity	flags
1	1	357	0.5387	C
1	2	160	0.8029	
1	3	393	0.813	
1	4	378	0.471	C
1	5	261	0.1836	C
1	6	389	0.1588	S,C
1	7	419	0.2178	S,C
1	8	363	0.309	C
1	9	303	0.8981	
1	10	297	0.6304	
1	11	363	0.7589	
1	12	359	0.8329	
1	13	353	0.898	
1	14	397	0.7538	
1	15	411	0.8033	
1	16	439	0.8251	
1	17	366	0.81	
1	18	349	0.8531	
1	19	396	0.9001	
1	20	454	0.7268	S
1	21	391	0.7349	
1	22	379	0.6412	
1	23	470	0.5714	C
1	24	538	0.5725	S,C
1	25	443	0.5815	C
1	26	329	0.7091	S
1	27	445	0.7632	
1	28	421	0.7879	
1	29	443	0.8482	
1	30	416	0.6477	
1	31	473	0.8853	
1	32	432	0.7268	
1	33	454	0.8245	
1	34	461	0.7738	
1	35	0	NA	
1	36	0	NA	
1	37	180	0.7745	
1	38	148	0.7787	
1	39	253	0.8994	
1	40	349	0.158	C
1	41	613	0.4383	S,C
1	42	485	0.5122	C
1	43	0	NA	
1	44	0	NA	
1	45	522	0.8096	
1	46	392	0.8968	
1	47	351	0.6831	S
1	48	670	0.3052	S,C
2	1	271	0.8241	
2	2	270	0.8003	
2	3	375	0.9319	
2	4	315	0.8637	
2	5	187	0.8758	
2	6	209	0.7169	
2	7	321	0.7757	
2	8	326	0.784	
2	9	278	0.8094	
2	10	301	0.975	
2	11	336	0.8991	
2	12	347	0.8369	
2	13	343	0.8523	
2	14	339	0.9797	
2	15	334	0.8787	
2	16	323	0.8438	
2	17	269	0.789	
2	18	273	0.8092	
2	19	335	0.9346	
2	20	300	0.9123	S
2	21	287	0.8209	
2	22	271	0.9634	
2	23	312	0.8642	
2	24	302	0.9528	
2	25	271	0.855	
2	26	311	0.7346	S
2	27	269	0.7973	
2	28	286	0.9264	
2	29	268	0.9527	
2	30	263	0.7998	
2	31	290	0.8443	
2	32	301	0.9084	
2	33	274	0.9474	
2	34	314	0.8123	
2	35	0	NA	
2	36	0	NA	
2	37	165	0.8561	
2	38	164	0.8715	
2	39	219	0.9339	
2	40	229	0.8303	
2	41	448	0.7579	S
2	42	452	0.8127	
2	43	0	NA	
2	44	0	NA	
2	45	452	0.8707	
2	46	414	0.8261	
2	47	340	0.9418	
2	48	398	0.7157	
3	1	505	0.908	
3	2	401	0.9516	
3	3	355	0.816	
3	4	323	0.8947	
3	5	291	0.9353	
3	6	307	0.9099	
3	7	297	0.9198	
3	8	290	0.8091	
3	9	317	0.9567	
3	10	328	0.9974	
3	11	306	0.9836	
3	12	292	0.9212	
3	13	186	0.818	
3	14	189	0.9484	
3	15	221	0.9509	
3	16	211	0.8622	
3	17	280	0.9496	
3	18	252	0.8385	
3	19	259	0.9207	
3	20	263	0.8682	
3	21	260	0.9814	
3	22	268	0.7803	
3	23	145	0.9605	
3	24	163	0.781	
3	25	99	0.8192	
3	26	86	0.9598	
3	27	355	0.8346	
3	28	279	0.8332	
3	29	362	0.9756	
3	30	209	0.8291	
3	31	228	0.7249	
3	32	245	0.9519	
3	33	283	0.9096	
3	34	323	0.8793	
3	35	361	0.8431	
3	36	376	0.8781	
3	37	0	NA	
3	38	0	NA	
3	39	203	0.9126	
3	40	229	0.9276	
3	41	0	NA	
3	42	0	NA	
3	43	425	0.8925	
3	44	430	0.9666	
3	45	0	NA	
3	46	0	NA	
3	47	267	0.9602	
3	48	307	0.8781	
4	1	452	0.7859	
4	2	405	0.869	
4	3	375	0.8757	
4	4	364	0.9351	
4	5	324	0.882	
4	6	235	0.9131	
4	7	302	0.8575	
4	8	297	0.9198	
4	9	329	0.812	
4	10	335	0.8606	
4	11	277	1.0044	
4	12	300	0.7893	
4	13	180	0.9248	
4	14	178	0.8932	
4	15	226	0.9433	
4	16	206	1.01	
4	17	299	0.8705	
4	18	298	0.9837	
4	19	278	0.8454	
4	20	288	0.9768	
4	21	282	0.8358	
4	22	287	0.8356	
4	23	149	0.976	
4	24	153	0.976	
4	25	98	1.007	
4	26	97	0.9208	
4	27	349	0.8817	
4	28	329	0.8957	
4	29	264	0.9848	
4	30	230	0.8508	
4	31	221	0.8843	
4	32	225	0.9391	
4	33	270	0.9336	
4	34	280	0.9243	
4	35	321	0.9688	
4	36	368	0.9297	
4	37	0	NA	
4	38	0	NA	
4	39	204	0.9256	
4	40	217	0.9337	
4	41	0	NA	
4	42	0	NA	
4	43	402	0.8896	
4	44	411	0.9239	
4	45	0	NA	
4	46	0	NA	
4	47	263	0.9536	
4	48	290	0.9836	
5	1	443	0.9303	
5	2	404	0.8357	
5	3	371	0.8472	
5	4	363	0.8672	
5	5	263	0.8145	
5	6	300	0.9221	
5	7	333	0.8554	
5	8	340	0.9486	
5	9	283	0.8765	
5	10	280	0.8902	
5	11	304	0.9591	
5	12	287	0.7551	
5	13	355	0.9183	
5	14	317	0.9818	
5	15	309	0.8838	
5	16	316	0.92	
5	17	222	0.87	
5	18	203	0.8548	
5	19	282	0.9383	
5	20	277	0.8579	
5	21	247	0.9402	
5	22	245	1.0011	
5	23	219	0.9423	
5	24	234	0.9363	
5	25	294	0.8779	
5	26	292	0.9283	
5	27	311	0.7857	
5	28	312	0.8208	
5	29	275	0.9776	
5	30	308	0.8242	
5	31	92	0.8197	
5	32	77	0.9717	
5	33	292	0.9825	
5	34	303	0.8821	
5	35	148	0.9338	
5	36	172	0.7876	
5	37	363	0.9783	
5	38	362	0.9926	
5	39	367	0.9494	
5	40	363	0.9714	
5	41	380	0.7583	
5	42	374	0.8734	
5	43	385	0.8907	
5	44	405	0.9163	
5	45	159	0.845	
5	46	157	0.8851	
5	47	458	0.8822	
5	48	497	0.9247	
6	1	563	0.9169	
6	2	451	0.8143	
6	3	398	0.9208	
6	4	368	0.8935	
6	5	326	0.9095	
6	6	328	0.9151	
6	7	351	0.908	
6	8	337	0.8514	
6	9	280	0.9243	
6	10	283	0.8765	
6	11	305	0.9205	
6	12	284	0.8796	
6	13	324	0.8185	
6	14	311	0.9457	
6	15	339	0.8709	
6	16	306	0.8909	
6	17	222	1.0301	
6	18	229	0.8717	
6	19	297	0.937	
6	20	304	0.8421	
6	21	274	0.8332	
6	22	293	0.7841	
6	23	231	0.9727	
6	24	246	0.892	
6	25	271	0.9118	
6	26	294	0.8203	
6	27	297	0.9804	
6	28	333	0.7955	
6	29	366	0.8685	
6	30	324	0.867	
6	31	102	1.0002	
6	32	79	1.035	
6	33	316	0.9366	
6	34	305	0.988	
6	35	162	1.0334	
6	36	170	0.9584	
6	37	338	0.9597	
6	38	329	0.8804	
6	39	347	0.8767	
6	40	323	0.8644	
6	41	364	0.8182	
6	42	369	0.9322	
6	43	365	0.872	
6	44	390	0.8068	
6	45	169	0.8769	
6	46	174	1.0057	
6	47	475	0.934	
6	48	509	0.8779	
7	1	0	NA	
7	2	0	NA	
7	3	322	0.8471	
7	4	309	0.9748	
7	5	0	NA	
7	6	0	NA	
7	7	346	0.9259	
7	8	309	0.8838	
7	9	248	0.8816	
7	10	229	0.9357	
7	11	320	0.9836	
7	12	310	0.8649	
7	13	341	0.828	
7	14	327	0.8603	
7	15	303	1.0002	
7	16	273	0.8455	
7	17	300	0.9221	
7	18	282	0.8801	
7	19	337	0.8866	
7	20	316	0.9787	
7	21	331	0.9811	
7	22	302	0.9425	
7	23	314	0.9983	
7	24	305	0.888	
7	25	262	0.8886	
7	26	318	0.9924	
7	27	335	0.8325	
7	28	349	0.9406	
7	29	379	0.9202	
7	30	381	0.8432	
7	31	331	0.9076	
7	32	309	0.8774	
7	33	255	0.9908	
7	34	288	0.892	
7	35	201	1.0429	
7	36	193	0.9039	
7	37	0	NA	
7	38	0	NA	
7	39	340	0.8734	
7	40	347	0.8028	
7	41	0	NA	
7	42	0	NA	
7	43	381	0.87	
7	44	403	0.9851	
7	45	0	NA	
7	46	0	NA	
7	47	438	0.8926	
7	48	470	0.9322	
8	1	0	NA	
8	2	0	NA	
8	3	338	0.8892	
8	4	306	0.8688	
8	5	0	NA	
8	6	0	NA	
8	7	352	0.9821	
8	8	289	0.8788	
8	9	238	0.9247	
8	10	241	0.8915	
8	11	324	0.867	
8	12	313	0.8376	
8	13	332	0.8529	
8	14	327	0.8751	
8	15	316	1.0046	
8	16	332	0.9496	
8	17	288	0.8758	
8	18	290	0.8234	
8	19	325	0.9462	
8	20	327	0.952	
8	21	293	0.853	
8	22	321	0.9346	
8	23	326	0.9663	
8	24	334	0.9252	
8	25	320	0.9911	
8	26	332	0.9263	
8	27	343	0.8194	
8	28	348	0.9542	
8	29	389	0.9828	
8	30	391	0.9341	
8	31	346	0.7953	
8	32	314	0.9307	
8	33	248	0.9251	
8	34	285	0.9589	
8	35	188	0.8723	
8	36	196	0.9836	
8	37	0	NA	
8	38	0	NA	
8	39	351	0.9966	
8	40	351	0.9234	
8	41	0	NA	
8	42	0	NA	
8	43	397	0.9798	
8	44	424	0.9593	
8	45	0	NA	
8	46	0	NA	
8	47	461	0.8062	
8	48	506	0.9227	
9	1	507	0.9246	
9	2	410	0.7898	
9	3	412	0.8344	
9	4	390	0.9317	
9	5	404	0.9081	
9	6	398	0.8672	
9	7	316	0.8816	
9	8	313	0.8733	
9	9	318	0.9258	
9	10	320	0.9248	
9	11	220	0.989	
9	12	195	1.0019	
9	13	336	0.7672	
9	14	330	0.8621	
9	15	341	0.9125	
9	16	334	0.9319	
9	17	296	0.9098	
9	18	295	0.8437	
9	19	308	0.8593	
9	20	298	0.8314	
9	21	288	0.9329	
9	22	320	0.8278	
9	23	0	NA	
9	24	0	NA	
9	25	358	0.9197	
9	26	313	0.9951	
9	27	341	0.8416	
9	28	331	0.9398	
9	29	190	0.9858	
9	30	179	0.9746	
9	31	254	0.9669	
9	32	242	0.8775	
9	33	335	0.8813	
9	34	316	0.9787	
9	35	309	0.8472	
9	36	325	0.7945	
9	37	255	0.9908	
9	38	261	0.9464	
9	39	258	0.9355	
9	40	251	0.9555	
9	41	212	0.9122	
9	42	222	0.805	
9	43	400	0.994	
9	44	391	0.9131	
9	45	396	0.802	
9	46	421	0.7833	
9	47	0	NA	
9	48	0	NA	
10	1	469	0.9359	
10	2	396	0.9248	
10	3	402	0.8572	
10	4	355	0.912	
10	5	372	0.8687	
10	6	351	0.908	
10	7	327	0.9353	
10	8	295	0.9379	
10	9	302	0.8792	
10	10	300	0.8028	
10	11	199	0.9664	
10	12	216	0.9711	
10	13	336	0.8991	
10	14	315	0.9171	
10	15	333	0.814	
10	16	338	0.984	
10	17	287	0.9297	
10	18	283	0.9342	
10	19	289	0.9724	
10	20	273	0.9259	
10	21	281	0.784	
10	22	290	0.7952	
10	23	0	NA	
10	24	0	NA	
10	25	364	0.9576	
10	26	352	0.9106	
10	27	342	0.9152	
10	28	350	0.8498	
10	29	185	0.8864	
10	30	189	0.8769	
10	31	267	0.996	
10	32	250	0.8645	
10	33	352	0.9583	
10	34	357	0.8206	
10	35	343	0.957	
10	36	338	0.8955	
10	37	262	0.8886	
10	38	275	0.8743	
10	39	236	0.8389	
10	40	259	0.9132	
10	41	195	0.9343	
10	42	197	0.9439	
10	43	371	0.8863	
10	44	389	0.8047	
10	45	366	0.8685	
10	46	430	0.8	
10	47	0	NA	
10	48	0	NA	
11	1	279	0.7922	
11	2	253	0.9282	
11	3	251	0.8923	
11	4	235	0.8693	
11	5	341	0.9855	
11	6	318	0.8719	
11	7	394	0.9262	
11	8	392	0.8731	
11	9	313	0.8235	
11	10	317	0.8844	
11	11	308	0.9977	
11	12	337	0.9174	
11	13	168	0.9147	
11	14	176	0.9821	
11	15	287	0.9657	
11	16	265	0.9344	
11	17	308	0.8809	
11	18	309	0.9824	
11	19	351	0.9017	
11	20	341	0.876	
11	21	196	0.8811	
11	22	205	0.9216	
11	23	361	0.9592	
11	24	371	0.7911	
11	25	88	0.8629	
11	26	62	0.9838	
11	27	349	0.9737	
11	28	282	0.8297	
11	29	390	0.956	
11	30	354	0.8737	
11	31	316	0.888	
11	32	328	0.8777	
11	33	0	NA	
11	34	0	NA	
11	35	0	NA	
11	36	0	NA	
11	37	0	NA	
11	38	0	NA	
11	39	350	0.7867	
11	40	356	0.8644	
11	41	0	NA	
11	42	0	NA	
11	43	355	0.9339	
11	44	373	0.7953	
11	45	0	NA	
11	46	0	NA	
11	47	441	0.8932	
11	48	514	0.8647	
12	1	281	0.9716	
12	2	247	0.8154	
12	3	238	0.7919	
12	4	234	0.9363	
12	5	339	0.987	
12	6	353	0.9446	
12	7	444	0.9324	
12	8	438	0.9004	
12	9	327	0.9123	
12	10	314	0.9477	
12	11	340	0.9256	
12	12	338	0.8892	
12	13	190	0.9315	
12	14	178	0.9459	
12	15	271	0.9826	
12	16	263	0.9273	
12	17	314	0.8548	
12	18	325	0.764	
12	19	345	0.8924	
12	20	370	0.9901	
12	21	199	0.9029	
12	22	208	0.8682	
12	23	339	0.9229	
12	24	356	0.9366	
12	25	76	0.7919	
12	26	74	0.8554	
12	27	343	0.9405	
12	28	313	0.9277	
12	29	366	0.8887	
12	30	327	0.9285	
12	31	302	0.9183	
12	32	303	0.8249	
12	33	0	NA	
12	34	0	NA	
12	35	0	NA	
12	36	0	NA	
12	37	0	NA	
12	38	0	NA	
12	39	318	0.9426	
12	40	302	0.9353	
12	41	0	NA	
12	42	0	NA	
12	43	333	0.7828	
12	44	367	0.8491	
12	45	0	NA	
12	46	0	NA	
12	47	420	0.9295	
12	48	482	0.8547	
13	1	535	0.9228	
13	2	446	0.957	
13	3	378	0.971	
13	4	359	0.9222	
13	5	290	0.9394	
13	6	302	0.8281	
13	7	0	NA	
13	8	0	NA	
13	9	248	0.9174	
13	10	225	0.9391	
13	11	285	0.8601	
13	12	264	0.9766	
13	13	303	0.9214	
13	14	273	0.8613	
13	15	248	0.8744	
13	16	255	0.858	
13	17	294	0.9105	
13	18	188	0.9434	
13	19	0	NA	
13	20	0	NA	
13	21	379	0.9509	
13	22	372	0.8687	
13	23	322	0.8829	
13	24	317	0.9818	
13	25	278	1.008	
13	26	285	0.8092	
13	27	351	0.9393	
13	28	341	0.9283	
13	29	310	0.978	
13	30	281	0.9276	
13	31	261	0.8234	
13	32	286	0.9193	
13	33	343	0.9986	
13	34	365	0.9767	
13	35	207	0.864	
13	36	210	0.8843	
13	37	403	0.9059	
13	38	384	0.9387	
13	39	373	1.0053	
13	40	390	0.8068	
13	41	372	0.8054	
13	42	407	0.9882	
13	43	306	0.9305	
13	44	352	0.9892	
13	45	167	1.0266	
13	46	171	0.931	
13	47	386	0.9014	
13	48	436	0.883	
14	1	551	0.8974	
14	2	432	0.8038	
14	3	369	0.7473	
14	4	361	0.7816	
14	5	300	0.837	
14	6	299	0.8705	
14	7	0	NA	
14	8	0	NA	
14	9	255	0.826	
14	10	231	0.9163	
14	11	302	0.8792	
14	12	266	0.8781	
14	13	290	0.8596	
14	14	285	0.8991	
14	15	244	0.997	
14	16	252	0.8714	
14	17	228	0.9235	
14	18	208	1.0101	
14	19	0	NA	
14	20	0	NA	
14	21	382	0.9126	
14	22	376	0.9343	
14	23	331	1.0065	
14	24	316	0.9537	
14	25	256	0.9947	
14	26	251	0.9555	
14	27	349	0.8817	
14	28	333	0.9695	
14	29	318	0.9258	
14	30	284	0.8481	
14	31	277	0.8579	
14	32	298	0.9474	
14	33	363	0.9882	
14	34	378	0.9778	
14	35	198	0.8707	
14	36	215	0.8863	
14	37	386	0.9074	
14	38	369	0.9107	
14	39	416	0.978	
14	40	412	0.9622	
14	41	387	0.8756	
14	42	402	0.9761	
14	43	334	0.8438	
14	44	331	0.8708	
14	45	177	0.8595	
14	46	182	0.9045	
14	47	391	0.8653	
14	48	465	0.8361	
15	1	117	0.9282	
15	2	120	0.952	
15	3	386	0.8677	
15	4	358	0.9353	
15	5	319	0.8115	
15	6	324	0.867	
15	7	347	0.8623	
15	8	341	0.9753	
15	9	205	1.0051	
15	10	192	0.7845	
15	11	371	0.9157	
15	12	366	0.9095	
15	13	184	1.0373	
15	14	164	0.8715	
15	15	400	0.9712	
15	16	356	0.8846	
15	17	319	0.8684	
15	18	348	0.9379	
15	19	386	0.8872	
15	20	389	0.8744	
15	21	345	0.9298	
15	22	351	0.8068	
15	23	225	0.8565	
15	24	219	0.8763	
15	25	373	0.9206	
15	26	349	0.8531	
15	27	344	0.9839	
15	28	322	0.921	
15	29	344	0.7116	
15	30	362	0.832	
15	31	264	0.8393	
15	32	310	0.8649	
15	33	0	NA	
15	34	0	NA	
15	35	52	1.2022	
15	36	74	1.1268	
15	37	0	NA	
15	38	0	NA	
15	39	351	0.8522	
15	40	356	0.8846	
15	41	0	NA	
15	42	0	NA	
15	43	378	0.7771	
15	44	412	0.8707	
15	45	0	NA	
15	46	0	NA	
15	47	408	0.889	
15	48	479	0.8786	
16	1	123	0.7109	
16	2	115	1.0115	
16	3	382	0.878	
16	4	354	0.8737	
16	5	307	0.8717	
16	6	312	0.9416	
16	7	342	0.9542	
16	8	340	0.9654	
16	9	170	0.9256	
16	10	188	0.8723	
16	11	367	0.9272	
16	12	364	0.8638	
16	13	205	1.0287	
16	14	184	1.012	
16	15	424	0.9041	
16	16	396	0.984	
16	17	380	0.9227	
16	18	356	0.9932	
16	19	357	0.9789	
16	20	346	0.9259	
16	21	355	0.9339	
16	22	362	0.9855	
16	23	231	0.7626	
16	24	244	0.8603	
16	25	389	0.8801	
16	26	377	0.8343	
16	27	347	0.8767	
16	28	332	0.8884	
16	29	374	0.8734	
16	30	357	0.8025	
16	31	287	0.9924	
16	32	304	0.8851	
16	33	0	NA	
16	34	0	NA	
16	35	64	0.9745	
16	36	65	0.9897	
16	37	0	NA	
16	38	0	NA	
16	39	379	0.8711	
16	40	388	0.9208	
16	41	0	NA	
16	42	0	NA	
16	43	407	0.9505	
16	44	425	0.8481	
16	45	0	NA	
16	46	0	NA	
16	47	445	0.888	
16	48	496	0.8846	
17	1	407	0.9149	
17	2	373	0.9744	
17	3	369	0.8815	
17	4	330	0.8984	
17	5	338	0.9202	
17	6	332	0.8734	
17	7	246	0.8674	
17	8	264	0.9766	
17	9	354	0.8943	
17	10	333	0.9455	
17	11	256	0.9206	
17	12	266	0.984	
17	13	0	NA	
17	14	0	NA	
17	15	0	NA	
17	16	0	NA	
17	17	340	0.9098	
17	18	307	0.9099	
17	19	294	0.9524	
17	20	309	0.957	
17	21	357	0.9235	
17	22	411	0.8631	
17	23	0	NA	
17	24	0	NA	
17	25	289	0.9913	
17	26	286	0.7842	
17	27	124	0.9554	
17	28	116	0.9893	
17	29	315	0.9171	
17	30	295	0.9307	
17	31	163	0.9421	
17	32	169	1.0501	
17	33	287	0.8149	
17	34	293	0.9315	
17	35	0	NA	
17	36	0	NA	
17	37	427	0.9814	
17	38	426	0.8812	
17	39	0	NA	
17	40	0	NA	
17	41	418	0.925	
17	42	431	0.8729	
17	43	0	NA	
17	44	0	NA	
17	45	452	0.9638	
17	46	440	0.8354	
17	47	257	0.8108	
17	48	270	0.9988	
18	1	391	0.9192	
18	2	346	0.9259	
18	3	361	0.8297	
18	4	327	0.7812	
18	5	353	0.9287	
18	6	325	0.9295	
18	7	252	1.0083	
18	8	234	0.8485	
18	9	325	0.8697	
18	10	318	0.9774	
18	11	278	0.877	
18	12	258	1.0111	
18	13	0	NA	
18	14	0	NA	
18	15	0	NA	
18	16	0	NA	
18	17	322	0.8135	
18	18	310	0.8932	
18	19	326	0.8577	
18	20	307	0.9336	
18	21	379	0.8711	
18	22	431	0.919	
18	23	0	NA	
18	24	0	NA	
18	25	305	0.9375	
18	26	278	0.9882	
18	27	98	0.9741	
18	28	99	0.984	
18	29	319	0.9455	
18	30	315	0.8575	
18	31	174	1.0424	
18	32	159	0.7618	
18	33	285	1.0049	
18	34	304	0.9175	
18	35	0	NA	
18	36	0	NA	
18	37	429	0.9348	
18	38	416	0.9715	
18	39	0	NA	
18	40	0	NA	
18	41	440	0.9382	
18	42	436	0.9649	
18	43	0	NA	
18	44	0	NA	
18	45	463	0.8493	
18	46	451	0.8512	
18	47	251	0.885	
18	48	227	0.9983	
19	1	449	0.8403	
19	2	398	0.8617	
19	3	326	0.9491	
19	4	307	0.9099	
19	5	316	0.8456	
19	6	285	0.9232	
19	7	329	0.8452	
19	8	321	0.8246	
19	9	346	0.8888	
19	10	332	0.9595	
19	11	352	0.9106	
19	12	336	0.8631	
19	13	298	0.8676	
19	14	321	0.859	
19	15	310	0.8587	
19	16	322	0.9375	
19	17	228	0.8859	
19	18	215	0.9054	
19	19	358	0.8692	
19	20	336	0.9147	
19	21	320	0.8336	
19	22	337	0.8514	
19	23	163	0.8749	
19	24	186	0.9651	
19	25	206	0.8864	
19	26	200	0.928	
19	27	361	0.8041	
19	28	364	0.9741	
19	29	200	0.8795	
19	30	206	0.8864	
19	31	402	0.954	
19	32	407	0.9723	
19	33	0	NA	
19	34	0	NA	
19	35	256	0.8614	
19	36	254	0.8228	
19	37	0	NA	
19	38	0	NA	
19	39	0	NA	
19	40	0	NA	
19	41	0	NA	
19	42	0	NA	
19	43	476	0.9114	
19	44	452	0.8015	
19	45	0	NA	
19	46	0	NA	
19	47	412	0.8785	
19	48	482	0.9762	
20	1	444	0.8261	
20	2	372	0.7534	
20	3	327	0.8813	
20	4	310	0.978	
20	5	285	0.9855	
20	6	302	0.8951	
20	7	315	0.8788	
20	8	312	0.9919	
20	9	327	0.962	
20	10	324	0.8524	
20	11	311	0.9287	
20	12	339	0.9295	
20	13	276	0.8775	
20	14	277	0.8423	
20	15	281	0.8545	
20	16	320	0.9911	
20	17	230	0.9398	
20	18	237	0.8841	
20	19	330	0.9438	
20	20	346	0.9419	
20	21	302	0.7945	
20	22	309	0.8269	
20	23	168	0.971	
20	24	164	0.7373	
20	25	203	0.9953	
20	26	188	0.9129	
20	27	332	0.8588	
20	28	323	0.9171	
20	29	209	0.8723	
20	30	224	0.9153	
20	31	411	0.8202	
20	32	435	0.821	
20	33	0	NA	
20	34	0	NA	
20	35	245	0.8884	
20	36	271	0.8393	
20	37	0	NA	
20	38	0	NA	
20	39	0	NA	
20	40	0	NA	
20	41	0	NA	
20	42	0	NA	
20	43	429	0.8436	
20	44	441	0.9609	
20	45	0	NA	
20	46	0	NA	
20	47	424	0.758	
20	48	518	0.8884	
21	1	452	0.8888	
21	2	396	0.9248	
21	3	365	0.8205	
21	4	353	0.9222	
21	5	315	0.9103	
21	6	323	0.9748	
21	7	318	0.919	
21	8	293	0.9244	
21	9	240	0.8702	
21	10	235	0.8946	
21	11	151	0.9528	
21	12	152	0.9591	
21	13	291	1.0062	
21	14	287	0.9924	
21	15	185	0.8584	
21	16	202	0.8883	
21	17	316	0.92	
21	18	317	0.9466	
21	19	109	0.816	
21	20	105	0.9654	
21	21	327	0.8261	
21	22	324	0.9364	
21	23	0	NA	
21	24	0	NA	
21	25	336	0.9374	
21	26	314	0.9548	
21	27	295	0.7453	
21	28	310	0.8959	
21	29	318	0.9258	
21	30	363	0.7859	
21	31	0	NA	
21	32	0	NA	
21	33	359	0.9607	
21	34	351	0.8929	
21	35	155	1.0431	
21	36	152	0.8569	
21	37	0	NA	
21	38	0	NA	
21	39	434	0.9254	
21	40	400	0.9194	
21	41	419	0.7578	
21	42	405	0.9104	
21	43	311	0.9812	
21	44	350	0.9765	
21	45	398	0.9148	
21	46	441	0.9697	
21	47	0	NA	
21	48	0	NA	
22	1	481	0.8412	
22	2	396	0.7902	
22	3	367	0.9272	
22	4	369	0.9322	
22	5	341	0.8971	
22	6	332	0.9427	
22	7	320	0.8278	
22	8	310	0.8649	
22	9	231	0.9439	
22	10	219	0.9423	
22	11	141	0.9596	
22	12	138	0.8483	
22	13	269	0.895	
22	14	308	0.9129	
22	15	182	0.9672	
22	16	214	0.9621	
22	17	319	0.7927	
22	18	336	0.8778	
22	19	94	0.8119	
22	20	124	0.9394	
22	21	319	0.8747	
22	22	314	0.8698	
22	23	0	NA	
22	24	0	NA	
22	25	320	0.9086	
22	26	284	0.7981	
22	27	290	0.9149	
22	28	305	0.9697	
22	29	299	0.987	
22	30	347	0.9286	
22	31	0	NA	
22	32	0	NA	
22	33	355	0.9183	
22	34	356	0.9692	
22	35	164	0.8715	
22	36	137	1.0556	
22	37	0	NA	
22	38	0	NA	
22	39	379	0.7791	
22	40	372	0.9787	
22	41	380	0.9227	
22	42	419	0.9568	
22	43	284	0.9375	
22	44	356	0.8644	
22	45	345	0.8924	
22	46	436	0.87	
22	47	0	NA	
22	48	0	NA	
23	1	351	0.9793	
23	2	348	0.9313	
23	3	372	0.8887	
23	4	367	0.9588	
23	5	0	NA	
23	6	0	NA	
23	7	322	0.8412	
23	8	287	0.8889	
23	9	296	0.9771	
23	10	307	0.9508	
23	11	301	0.8922	
23	12	330	0.9781	
23	13	0	NA	
23	14	0	NA	
23	15	352	0.822	
23	16	355	0.95	
23	17	292	0.9043	
23	18	311	0.9218	
23	19	255	0.9625	
23	20	253	0.9174	
23	21	274	0.8332	
23	22	266	0.8781	
23	23	169	0.8769	
23	24	130	0.9618	
23	25	352	0.9042	
23	26	336	0.8349	
23	27	124	0.9554	
23	28	114	1.0481	
23	29	322	0.9375	
23	30	345	0.8377	
23	31	290	0.8819	
23	32	292	0.9459	
23	33	0	NA	
23	34	0	NA	
23	35	444	0.9128	
23	36	407	0.8122	
23	37	0	NA	
23	38	0	NA	
23	39	223	0.9807	
23	40	198	0.8091	
23	41	0	NA	
23	42	0	NA	
23	43	361	0.9898	
23	44	362	0.9756	
23	45	0	NA	
23	46	0	NA	
23	47	423	0.8515	
23	48	500	0.8866	
24	1	414	0.9516	
24	2	346	0.9259	
24	3	379	0.8851	
24	4	364	0.9909	
24	5	0	NA	
24	6	0	NA	
24	7	334	0.8938	
24	8	292	0.8501	
24	9	341	0.828	
24	10	297	0.9804	
24	11	302	0.8082	
24	12	326	0.8724	
24	13	0	NA	
24	14	0	NA	
24	15	371	0.8527	
24	16	370	0.8839	
24	17	299	0.8552	
24	18	280	0.7812	
24	19	251	0.9957	
24	20	253	0.983	
24	21	256	0.8139	
24	22	255	0.9433	
24	23	151	0.8819	
24	24	139	0.9105	
24	25	289	0.8266	
24	26	337	0.8374	
24	27	122	0.7992	
24	28	116	0.8343	
24	29	326	0.8786	
24	30	342	0.804	
24	31	276	0.9926	
24	32	291	0.9181	
24	33	0	NA	
24	34	0	NA	
24	35	399	0.8562	
24	36	381	0.9102	
24	37	0	NA	
24	38	0	NA	
24	39	213	0.9883	
24	40	210	0.9235	
24	41	0	NA	
24	42	0	NA	
24	43	352	0.8893	
24	44	354	0.9313	
24	45	0	NA	
24	46	0	NA	
24	47	410	0.8742	
24	48	472	0.9092	
25	1	468	0.8886	
25	2	419	0.8189	
25	3	379	0.8711	
25	4	364	0.9672	
25	5	241	0.8174	
25	6	249	0.878	
25	7	329	0.8867	
25	8	296	0.8466	
25	9	254	0.8783	
25	10	253	0.8748	
25	11	289	0.9362	
25	12	303	0.8108	
25	13	339	0.8919	
25	14	369	0.804	
25	15	0	NA	
25	16	0	NA	
25	17	349	0.815	
25	18	368	0.9848	
25	19	98	0.8109	
25	20	99	1.1048	
25	21	322	0.8829	
25	22	356	0.8644	
25	23	309	0.9824	
25	24	325	0.8407	
25	25	309	0.9159	
25	26	295	0.8809	
25	27	293	0.8175	
25	28	288	0.9582	
25	29	265	0.8748	
25	30	260	0.9814	
25	31	323	0.9012	
25	32	353	0.8772	
25	33	360	0.8946	
25	34	387	0.8433	
25	35	372	0.8887	
25	36	381	0.9102	
25	37	278	0.9177	
25	38	283	0.9342	
25	39	0	NA	
25	40	0	NA	
25	41	401	0.8122	
25	42	365	0.872	
25	43	290	0.8294	
25	44	294	0.8873	
25	45	351	0.8251	
25	46	355	0.8032	
25	47	397	0.9125	
25	48	459	0.8253	
26	1	535	0.888	S
26	2	454	0.8447	S
26	3	397	0.9333	
26	4	378	0.9329	
26	5	252	0.9322	
26	6	249	0.9029	
26	7	339	0.9072	
26	8	275	0.8151	
26	9	306	0.8688	
26	10	269	1.024	
26	11	298	0.8523	
26	12	310	0.9188	
26	13	314	0.9477	
26	14	362	0.9299	
26	15	0	NA	
26	16	0	NA	
26	17	360	0.9312	
26	18	336	0.884	
26	19	115	0.8609	
26	20	93	1.0911	
26	21	335	0.7579	
26	22	343	0.9739	
26	23	316	0.8816	
26	24	302	0.9282	
26	25	315	0.9267	
26	26	305	0.8162	
26	27	294	0.9524	
26	28	267	0.9602	
26	29	272	0.9863	
26	30	236	0.8984	
26	31	343	0.9179	
26	32	369	0.9322	
26	33	335	1.0004	
26	34	351	1.0039	
26	35	395	0.9225	
26	36	395	0.8295	
26	37	292	1.0097	
26	38	283	0.8765	
26	39	0	NA	
26	40	0	NA	
26	41	382	0.8587	
26	42	368	0.9848	
26	43	282	0.9135	
26	44	308	0.8967	
26	45	371	0.9157	
26	46	381	0.9041	
26	47	422	0.97	
26	48	484	0.9323	
27	1	0	NA	
27	2	0	NA	
27	3	445	0.8698	
27	4	399	0.8379	
27	5	0	NA	
27	6	0	NA	
27	7	350	0.8842	
27	8	339	0.8367	
27	9	124	0.6637	
27	10	130	0.8292	
27	11	373	0.8711	
27	12	302	0.9183	
27	13	308	0.9467	
27	14	324	0.904	
27	15	244	0.921	
27	16	260	0.8266	
27	17	0	NA	
27	18	0	NA	
27	19	366	0.9794	
27	20	365	0.9767	
27	21	278	1.008	
27	22	291	0.8323	
27	23	318	0.9426	
27	24	318	0.9849	
27	25	0	NA	
27	26	0	NA	
27	27	289	0.9362	
27	28	271	0.8946	
27	29	303	0.9815	
27	30	305	0.9205	
27	31	234	0.9363	
27	32	235	0.9322	
27	33	0	NA	
27	34	0	NA	
27	35	0	NA	
27	36	0	NA	
27	37	0	NA	
27	38	0	NA	
27	39	437	0.9609	
27	40	418	0.9762	
27	41	0	NA	
27	42	0	NA	
27	43	308	0.99	
27	44	313	0.8376	
27	45	0	NA	
27	46	0	NA	
27	47	392	0.8869	
27	48	467	0.9262	
28	1	0	NA	
28	2	0	NA	
28	3	460	0.8438	
28	4	406	0.8657	
28	5	0	NA	
28	6	0	NA	
28	7	380	0.8734	
28	8	371	0.821	
28	9	109	0.9019	
28	10	124	1.0134	
28	11	371	0.7791	
28	12	320	0.8029	
28	13	297	0.9442	
28	14	306	0.8752	
28	15	252	0.9322	
28	16	249	0.9211	
28	17	0	NA	
28	18	0	NA	
28	19	385	0.9348	
28	20	348	0.9091	
28	21	252	0.8714	
28	22	274	0.8182	
28	23	326	0.8724	
28	24	344	0.9365	
28	25	0	NA	
28	26	0	NA	
28	27	300	0.9054	
28	28	273	1.0099	
28	29	307	0.9336	
28	30	313	0.8376	
28	31	203	0.9419	
28	32	237	0.9892	
28	33	0	NA	
28	34	0	NA	
28	35	0	NA	
28	36	0	NA	
28	37	0	NA	
28	38	0	NA	
28	39	373	0.9582	
28	40	375	0.7709	
28	41	0	NA	
28	42	0	NA	
28	43	319	1.0064	
28	44	327	0.9944	
28	45	0	NA	
28	46	0	NA	
28	47	410	0.9575	S
28	48	529	0.8548	S
29	1	193	0.8304	
29	2	277	0.9144	
29	3	433	0.877	
29	4	387	0.8433	
29	5	357	0.8668	
29	6	378	0.9329	
29	7	0	NA	
29	8	0	NA	
29	9	367	0.9272	
29	10	345	0.9625	
29	11	295	1.0005	
29	12	276	0.8941	
29	13	299	0.8342	
29	14	303	0.8108	
29	15	304	0.9848	
29	16	292	0.9903	
29	17	401	0.7356	
29	18	404	0.9587	
29	19	301	1.0209	
29	20	313	0.9046	
29	21	187	0.9081	
29	22	174	1.0315	
29	23	317	0.8844	
29	24	330	0.8337	
29	25	99	0.984	
29	26	113	0.9939	
29	27	273	0.9186	
29	28	256	0.8293	
29	29	218	0.9296	
29	30	239	0.9481	
29	31	238	0.9523	
29	32	265	0.9163	
29	33	115	0.8271	
29	34	129	0.9657	
29	35	0	NA	
29	36	0	NA	
29	37	309	0.7993	
29	38	310	0.85	
29	39	346	0.7953	
29	40	335	0.9346	
29	41	370	0.878	
29	42	365	0.8862	
29	43	278	0.9613	
29	44	300	0.9123	
29	45	374	0.8734	
29	46	439	0.9715	
29	47	0	NA	
29	48	0	NA	
30	1	179	0.9513	
30	2	236	0.9643	
30	3	406	0.8223	
30	4	416	0.8301	
30	5	383	0.8292	
30	6	383	0.9299	
30	7	0	NA	
30	8	0	NA	
30	9	346	0.8888	
30	10	363	0.9714	
30	11	317	0.9396	
30	12	318	0.851	
30	13	324	0.8381	
30	14	297	0.9442	
30	15	246	0.892	
30	16	282	0.9309	
30	17	342	0.8997	
30	18	375	0.8757	
30	19	289	0.9993	
30	20	293	0.9672	
30	21	176	0.8166	
30	22	177	1.0231	
30	23	297	0.937	
30	24	320	1.0095	
30	25	106	0.9323	
30	26	102	0.8699	
30	27	261	0.8389	
30	28	262	1.018	
30	29	222	0.8212	
30	30	227	0.968	
30	31	231	0.8793	
30	32	276	0.9287	
30	33	126	0.8037	
30	34	130	0.935	
30	35	0	NA	
30	36	0	NA	
30	37	353	0.9446	
30	38	326	0.8724	
30	39	341	0.9682	
30	40	334	0.9653	
30	41	364	0.8182	
30	42	343	0.8666	
30	43	298	0.8833	
30	44	291	0.8849	
30	45	364	0.8696	
30	46	449	0.9094	
30	47	0	NA	
30	48	0	NA	
31	1	487	0.8239	
31	2	437	0.9177	
31	3	408	0.9378	
31	4	388	0.9735	
31	5	0	NA	
31	6	0	NA	
31	7	423	0.8696	
31	8	358	0.8751	
31	9	307	0.9099	
31	10	313	0.8733	
31	11	332	0.9103	
31	12	372	0.8828	
31	13	0	NA	
31	14	0	NA	
31	15	345	0.997	
31	16	311	0.8766	
31	17	245	0.9519	
31	18	210	1.0296	
31	19	235	0.8766	
31	20	201	0.9326	
31	21	265	0.9163	
31	22	285	0.9232	
31	23	348	0.9313	
31	24	297	0.8803	
31	25	49	1.0271	
31	26	41	0.9974	
31	27	301	0.9936	
31	28	301	0.8763	
31	29	287	0.9924	
31	30	268	0.9527	
31	31	327	0.8071	
31	32	381	0.8302	
31	33	0	NA	
31	34	0	NA	
31	35	400	0.9712	
31	36	418	0.925	
31	37	0	NA	
31	38	0	NA	
31	39	387	0.9397	
31	40	349	0.8022	
31	41	0	NA	
31	42	0	NA	
31	43	388	0.8026	
31	44	383	0.9362	
31	45	0	NA	
31	46	0	NA	
31	47	525	0.9256	S
31	48	620	0.8847	S
32	1	543	0.8892	
32	2	461	0.8174	
32	3	433	0.9013	
32	4	396	0.8763	
32	5	0	NA	
32	6	0	NA	
32	7	456	0.9044	
32	8	387	0.8978	
32	9	377	0.9092	
32	10	304	0.8632	
32	11	355	0.9734	
32	12	423	0.9159	
32	13	0	NA	
32	14	0	NA	
32	15	467	0.8814	
32	16	404	0.8803	
32	17	347	0.8767	
32	18	332	0.9427	
32	19	367	0.9821	
32	20	365	0.9535	
32	21	371	0.8394	
32	22	378	0.971	
32	23	432	0.8936	
32	24	474	0.8573	
32	25	132	0.8114	
32	26	130	0.9732	
32	27	473	0.9111	
32	28	438	0.8871	
32	29	423	0.9217	
32	30	378	0.7656	
32	31	449	0.9288	
32	32	499	0.8677	
32	33	0	NA	
32	34	0	NA	
32	35	571	0.8294	
32	36	539	0.8283	
32	37	0	NA	
32	38	0	NA	
32	39	508	0.9188	
32	40	467	0.8867	
32	41	0	NA	
32	42	0	NA	
32	43	472	0.9038	
32	44	498	0.8048	
32	45	0	NA	
32	46	0	NA	
32	47	583	0.9126	
32	48	582	0.8454	S
