# gitter v1.1 data file generated on Fri Oct 09 10:06:16 2015
# Warning possible misgridding: high count of small colony sizes, high count of low colony circularity
# Flags: S - Colony spill or edge interference, C - Low colony circularity
# row	col	size	circularity	flags
1	1	360	0.4091	C
1	2	193	0.2335	C
1	3	410	0.5955	C
1	4	377	0.4697	C
1	5	261	0.1836	C
1	6	374	0.1073	S,C
1	7	421	0.1978	S,C
1	8	342	0.7667	
1	9	306	0.8537	
1	10	279	0.6231	
1	11	341	0.743	
1	12	347	0.7924	
1	13	354	0.8754	
1	14	393	0.7842	
1	15	412	0.7665	
1	16	439	0.8251	
1	17	366	0.8319	
1	18	346	0.8458	
1	19	396	0.9001	
1	20	453	0.7157	S
1	21	385	0.7764	
1	22	374	0.7463	
1	23	463	0.6057	
1	24	524	0.6276	S
1	25	445	0.561	C
1	26	340	0.6149	S
1	27	447	0.7666	
1	28	423	0.7917	
1	29	444	0.8501	
1	30	416	0.6839	
1	31	471	0.9262	
1	32	440	0.7546	
1	33	457	0.8299	
1	34	454	0.8097	
1	35	0	NA	
1	36	0	NA	
1	37	172	0.8631	
1	38	148	0.7787	
1	39	254	0.9029	
1	40	348	0.1523	C
1	41	609	0.4124	S,C
1	42	485	0.5122	C
1	43	0	NA	
1	44	0	NA	
1	45	517	0.7915	
1	46	392	0.8968	
1	47	349	0.7329	S
1	48	685	0.2538	S,C
2	1	275	0.6153	
2	2	266	0.7687	
2	3	377	0.9368	
2	4	312	0.8768	
2	5	187	0.8758	
2	6	208	0.7135	
2	7	321	0.7757	
2	8	326	0.784	
2	9	279	0.8484	
2	10	301	0.975	
2	11	336	0.8991	
2	12	345	0.8515	
2	13	338	0.8207	
2	14	338	0.9768	
2	15	333	0.8761	
2	16	320	0.822	
2	17	266	0.8301	
2	18	268	0.8455	
2	19	332	0.9263	
2	20	300	0.9123	S
2	21	287	0.8209	
2	22	271	0.9634	
2	23	306	0.8975	
2	24	304	0.9591	
2	25	273	0.9626	
2	26	306	0.7641	S
2	27	265	0.7855	
2	28	285	0.9232	
2	29	267	1.0164	
2	30	264	0.8393	
2	31	286	0.7979	
2	32	300	0.9054	
2	33	273	0.944	
2	34	314	0.8123	
2	35	0	NA	
2	36	0	NA	
2	37	165	0.8561	
2	38	164	0.8715	
2	39	219	0.9339	
2	40	227	0.8231	
2	41	443	0.7598	S
2	42	442	0.8342	
2	43	0	NA	
2	44	0	NA	
2	45	454	0.7972	
2	46	414	0.8261	
2	47	331	0.7855	
2	48	395	0.7245	
3	1	505	0.908	
3	2	401	0.9516	
3	3	355	0.816	
3	4	321	0.9114	
3	5	290	0.9573	
3	6	305	0.9275	
3	7	295	0.9379	
3	8	282	0.8007	
3	9	317	0.9567	
3	10	328	0.9974	
3	11	305	0.9803	
3	12	289	0.8566	
3	13	183	0.8685	
3	14	188	0.9434	
3	15	216	0.9711	
3	16	211	0.8622	
3	17	280	0.9496	
3	18	252	0.8385	
3	19	256	0.9282	
3	20	264	0.9309	
3	21	257	0.9986	
3	22	267	0.7321	
3	23	145	0.9605	
3	24	163	0.8965	
3	25	99	0.8192	
3	26	85	1.0726	
3	27	355	0.8346	
3	28	280	0.8902	
3	29	362	0.9756	
3	30	210	0.833	
3	31	223	0.8086	
3	32	242	0.9212	
3	33	283	0.9096	
3	34	322	0.9306	
3	35	359	0.886	
3	36	375	0.8757	
3	37	0	NA	
3	38	0	NA	
3	39	202	0.9373	
3	40	229	0.9276	
3	41	0	NA	
3	42	0	NA	
3	43	423	0.9878	
3	44	430	0.9666	
3	45	0	NA	
3	46	0	NA	
3	47	262	0.9422	
3	48	306	0.8752	
4	1	450	0.7825	
4	2	402	0.8316	
4	3	373	0.8711	
4	4	362	0.9299	
4	5	317	0.8282	
4	6	233	0.9323	
4	7	298	0.8899	
4	8	295	0.9738	
4	9	325	0.8211	
4	10	331	0.9235	
4	11	274	0.9935	
4	12	299	0.7866	
4	13	177	0.9877	
4	14	176	0.8832	
4	15	223	1.0025	
4	16	200	0.8795	
4	17	299	0.8705	
4	18	298	0.9837	
4	19	278	0.8454	
4	20	288	0.9768	
4	21	281	0.8329	
4	22	286	0.8327	
4	23	149	0.976	
4	24	151	0.8305	
4	25	98	1.007	
4	26	96	0.9542	
4	27	349	0.8817	
4	28	330	0.8984	
4	29	265	0.9885	
4	30	230	0.8508	
4	31	221	0.8843	
4	32	223	0.9308	
4	33	268	0.9914	
4	34	280	0.9243	
4	35	324	0.9199	
4	36	368	0.9297	
4	37	0	NA	
4	38	0	NA	
4	39	206	0.9347	
4	40	217	0.9337	
4	41	0	NA	
4	42	0	NA	
4	43	402	0.8896	
4	44	407	0.9149	
4	45	0	NA	
4	46	0	NA	
4	47	262	1.018	
4	48	289	0.9802	
5	1	443	0.9303	
5	2	399	0.8694	
5	3	367	0.8768	
5	4	362	0.8648	
5	5	263	0.8145	
5	6	299	0.919	
5	7	333	0.8554	
5	8	339	0.9072	
5	9	283	0.8765	
5	10	280	0.8902	
5	11	304	0.9591	
5	12	287	0.7551	
5	13	353	0.8772	
5	14	316	0.9787	
5	15	308	0.8809	
5	16	315	0.9171	
5	17	220	0.9264	
5	18	203	0.8548	
5	19	281	0.935	
5	20	272	0.8648	
5	21	246	0.9364	
5	22	244	0.997	
5	23	219	0.9423	
5	24	234	0.9363	
5	25	293	0.875	
5	26	292	0.9283	
5	27	311	0.7857	
5	28	312	0.8208	
5	29	272	0.8811	
5	30	306	0.8189	
5	31	92	0.8197	
5	32	77	0.9717	
5	33	292	0.9825	
5	34	303	0.8821	
5	35	148	0.9338	
5	36	172	0.7876	
5	37	363	0.8874	
5	38	362	0.9926	
5	39	367	0.9494	
5	40	362	0.9687	
5	41	380	0.7583	
5	42	375	0.8299	
5	43	385	0.8907	
5	44	400	0.8716	
5	45	158	0.7929	
5	46	156	0.959	
5	47	454	0.8745	
5	48	497	0.9247	
6	1	563	0.9169	
6	2	447	0.7697	
6	3	396	0.9162	
6	4	368	0.8935	
6	5	326	0.9095	
6	6	328	0.9151	
6	7	350	0.9597	
6	8	336	0.8489	
6	9	276	0.8707	
6	10	278	0.9177	
6	11	305	0.9205	
6	12	284	0.8796	
6	13	324	0.8185	
6	14	310	0.9427	
6	15	338	0.8892	
6	16	304	0.9415	
6	17	222	1.0301	
6	18	229	0.8717	
6	19	296	0.9588	
6	20	298	0.9229	
6	21	273	0.8092	
6	22	290	0.8033	
6	23	230	0.9203	
6	24	246	0.892	
6	25	271	0.9118	
6	26	294	0.8203	
6	27	294	0.9705	
6	28	333	0.7955	
6	29	364	0.9133	
6	30	323	0.8856	
6	31	100	1.0276	
6	32	78	1.0219	
6	33	311	0.883	
6	34	305	0.988	
6	35	161	0.9645	
6	36	171	0.964	
6	37	338	0.9597	
6	38	328	0.8777	
6	39	346	0.9259	
6	40	322	0.8617	
6	41	364	0.8182	
6	42	369	0.9322	
6	43	366	0.8744	
6	44	390	0.8068	
6	45	167	0.8665	
6	46	174	1.0057	
6	47	473	0.9301	
6	48	502	0.8493	
7	1	0	NA	
7	2	0	NA	
7	3	323	0.8026	
7	4	309	0.9748	
7	5	0	NA	
7	6	0	NA	
7	7	346	0.9259	
7	8	309	0.8838	
7	9	249	0.9288	
7	10	225	0.9895	
7	11	316	0.9713	
7	12	308	0.9129	
7	13	340	0.8255	
7	14	329	0.9179	
7	15	304	0.9415	
7	16	279	0.8484	
7	17	300	0.9221	
7	18	281	0.8769	
7	19	335	0.8813	
7	20	315	0.9756	
7	21	329	0.9179	
7	22	299	0.9948	
7	23	313	0.9951	
7	24	306	0.8909	
7	25	262	0.8886	
7	26	318	0.9924	
7	27	334	0.83	
7	28	349	0.9406	
7	29	377	0.9368	
7	30	381	0.8432	
7	31	330	0.9048	
7	32	306	0.8688	
7	33	255	0.9908	
7	34	288	0.892	
7	35	201	1.0429	
7	36	194	0.8423	
7	37	0	NA	
7	38	0	NA	
7	39	340	0.8734	
7	40	347	0.8028	
7	41	0	NA	
7	42	0	NA	
7	43	380	0.8677	
7	44	403	0.9851	
7	45	0	NA	
7	46	0	NA	
7	47	439	0.8946	
7	48	469	0.9302	
8	1	0	NA	
8	2	0	NA	
8	3	339	0.8919	
8	4	304	0.9771	
8	5	0	NA	
8	6	0	NA	
8	7	352	0.9821	
8	8	287	0.9297	
8	9	236	0.917	
8	10	232	0.9203	
8	11	322	0.9143	
8	12	311	0.883	
8	13	332	0.8529	
8	14	329	0.8595	
8	15	316	1.0046	
8	16	333	0.9524	
8	17	285	0.8667	
8	18	288	0.8692	
8	19	323	0.9404	
8	20	327	0.952	
8	21	289	0.8266	
8	22	321	0.9346	
8	23	325	0.9633	
8	24	336	0.8778	
8	25	320	0.9911	
8	26	332	0.9263	
8	27	342	0.864	
8	28	348	0.9542	
8	29	387	0.9777	
8	30	391	0.9341	
8	31	347	0.7976	
8	32	314	0.9307	
8	33	248	0.9251	
8	34	285	0.9589	
8	35	188	0.8723	
8	36	199	1.0325	
8	37	0	NA	
8	38	0	NA	
8	39	352	0.9994	
8	40	353	0.8772	
8	41	0	NA	
8	42	0	NA	
8	43	396	0.9774	
8	44	426	0.9638	
8	45	0	NA	
8	46	0	NA	
8	47	460	0.8044	
8	48	506	0.9227	
9	1	507	0.9246	
9	2	410	0.8304	
9	3	411	0.8324	
9	4	390	0.9317	
9	5	405	0.9104	
9	6	396	0.882	
9	7	316	0.8816	
9	8	311	0.8677	
9	9	318	0.9258	
9	10	320	0.9248	
9	11	219	0.9845	
9	12	194	0.9967	
9	13	336	0.7672	
9	14	330	0.8621	
9	15	340	0.9098	
9	16	332	0.8884	
9	17	293	0.8116	
9	18	293	0.838	
9	19	308	0.8593	
9	20	298	0.8314	
9	21	289	0.9362	
9	22	320	0.8278	
9	23	0	NA	
9	24	0	NA	
9	25	358	0.9197	
9	26	315	1.0015	
9	27	343	0.801	
9	28	332	0.9427	
9	29	191	0.9585	
9	30	178	0.9145	
9	31	254	0.9669	
9	32	242	0.8775	
9	33	334	0.9319	
9	34	315	0.9337	
9	35	310	0.8019	
9	36	325	0.7945	
9	37	255	0.9908	
9	38	262	0.8886	
9	39	255	0.9908	
9	40	250	1.0215	
9	41	212	0.9122	
9	42	221	0.8244	
9	43	397	0.9865	
9	44	391	0.9131	
9	45	396	0.802	
9	46	424	0.8287	
9	47	0	NA	
9	48	0	NA	
10	1	468	0.9339	
10	2	396	0.9248	
10	3	403	0.8593	
10	4	353	0.9068	
10	5	371	0.8863	
10	6	351	0.908	
10	7	327	0.9353	
10	8	295	0.9379	
10	9	301	0.8763	
10	10	300	0.8028	
10	11	199	0.9664	
10	12	216	0.9711	
10	13	337	0.9018	
10	14	315	0.9171	
10	15	331	0.8562	
10	16	338	0.984	
10	17	286	0.9516	
10	18	283	0.9342	
10	19	290	0.9758	
10	20	274	0.9293	
10	21	282	0.7868	
10	22	289	0.7924	
10	23	0	NA	
10	24	0	NA	
10	25	365	0.9603	
10	26	352	0.9106	
10	27	343	0.9179	
10	28	352	0.8547	
10	29	185	0.8864	
10	30	187	0.8677	
10	31	268	0.9997	
10	32	248	0.8575	
10	33	351	0.9793	
10	34	356	0.8183	
10	35	342	0.9542	
10	36	338	0.8955	
10	37	262	0.8886	
10	38	275	0.8743	
10	39	233	0.8448	
10	40	260	0.8583	
10	41	195	0.9343	
10	42	197	0.9439	
10	43	371	0.8863	
10	44	389	0.8047	
10	45	367	0.8249	
10	46	431	0.8302	
10	47	0	NA	
10	48	0	NA	
11	1	279	0.7922	
11	2	252	0.9245	
11	3	250	0.914	
11	4	233	0.8619	
11	5	348	0.845	
11	6	319	0.8747	
11	7	394	0.9262	
11	8	392	0.8731	
11	9	310	0.7832	
11	10	319	0.8392	
11	11	308	0.9977	
11	12	334	0.9252	
11	13	165	1.0035	
11	14	176	0.9821	
11	15	285	0.9589	
11	16	263	0.9273	
11	17	306	0.839	
11	18	309	0.9824	
11	19	353	0.9068	
11	20	344	0.8837	
11	21	200	1.0036	
11	22	206	0.8598	
11	23	364	0.9672	
11	24	371	0.7911	
11	25	88	0.8629	
11	26	62	0.9838	
11	27	350	0.9765	
11	28	286	0.812	
11	29	391	0.9071	
11	30	352	0.975	
11	31	316	0.888	
11	32	328	0.8777	
11	33	0	NA	
11	34	0	NA	
11	35	0	NA	
11	36	0	NA	
11	37	0	NA	
11	38	0	NA	
11	39	351	0.789	
11	40	357	0.9019	
11	41	0	NA	
11	42	0	NA	
11	43	355	0.9339	
11	44	372	0.8362	
11	45	0	NA	
11	46	0	NA	
11	47	440	0.8911	
11	48	512	0.8614	
12	1	281	0.9716	
12	2	245	0.7262	
12	3	235	0.8946	
12	4	233	0.9323	
12	5	342	0.9957	
12	6	354	0.9473	
12	7	445	0.888	
12	8	438	0.9198	
12	9	325	0.9633	
12	10	314	0.9477	
12	11	341	0.9283	
12	12	335	0.9346	
12	13	188	0.9434	
12	14	178	0.9459	
12	15	270	1.0072	
12	16	263	0.9273	
12	17	315	0.8575	
12	18	327	0.8459	
12	19	345	0.8924	
12	20	369	0.9322	
12	21	199	0.9029	
12	22	210	0.8506	
12	23	342	0.931	
12	24	358	0.9816	
12	25	78	0.7753	
12	26	77	0.7912	
12	27	346	0.8741	
12	28	311	0.9457	
12	29	365	0.8862	
12	30	327	0.9285	
12	31	300	0.9123	
12	32	304	0.8276	
12	33	0	NA	
12	34	0	NA	
12	35	0	NA	
12	36	0	NA	
12	37	0	NA	
12	38	0	NA	
12	39	318	0.9426	
12	40	302	0.9353	
12	41	0	NA	
12	42	0	NA	
12	43	333	0.7828	
12	44	365	0.8922	
12	45	0	NA	
12	46	0	NA	
12	47	420	0.9295	
12	48	481	0.8949	
13	1	535	0.9228	
13	2	444	0.9527	
13	3	370	0.9505	
13	4	352	0.9821	
13	5	291	0.9426	
13	6	303	0.8308	
13	7	0	NA	
13	8	0	NA	
13	9	250	0.9248	
13	10	225	0.9391	
13	11	288	0.9086	
13	12	263	1.0011	
13	13	299	0.926	
13	14	270	0.9336	
13	15	246	0.9286	
13	16	251	0.9285	
13	17	294	0.9105	
13	18	187	0.9384	
13	19	0	NA	
13	20	0	NA	
13	21	378	0.9484	
13	22	374	0.8734	
13	23	324	0.8381	
13	24	318	0.9597	
13	25	279	1.0116	
13	26	288	0.9086	
13	27	351	0.9393	
13	28	333	0.87	
13	29	306	0.9654	
13	30	281	0.9276	
13	31	261	0.8234	
13	32	285	0.9161	
13	33	343	0.9986	
13	34	364	0.9741	
13	35	206	0.8864	
13	36	210	0.8843	
13	37	402	0.9036	
13	38	382	0.9492	
13	39	372	1.0026	
13	40	388	0.8026	
13	41	369	0.7989	
13	42	407	0.9882	
13	43	307	0.976	
13	44	352	0.9892	
13	45	166	0.9595	
13	46	171	0.931	
13	47	386	0.8542	
13	48	434	0.879	
14	1	552	0.899	
14	2	432	0.8038	
14	3	368	0.7453	
14	4	355	0.7856	
14	5	304	0.9415	
14	6	299	0.8705	
14	7	0	NA	
14	8	0	NA	
14	9	255	0.826	
14	10	233	0.9936	
14	11	304	0.8851	
14	12	269	0.9951	
14	13	287	0.9054	
14	14	280	0.8834	
14	15	240	0.9807	
14	16	250	0.8645	
14	17	227	0.9195	
14	18	208	1.0101	
14	19	0	NA	
14	20	0	NA	
14	21	379	0.7959	
14	22	377	0.9368	
14	23	331	1.0065	
14	24	314	0.9477	
14	25	258	0.9355	
14	26	253	0.9631	
14	27	350	0.8842	
14	28	332	0.9666	
14	29	315	0.9407	
14	30	283	0.8451	
14	31	276	0.8548	
14	32	295	0.9379	
14	33	363	0.9882	
14	34	378	0.9778	
14	35	199	0.8751	
14	36	214	0.8821	
14	37	385	0.9259	
14	38	371	0.8664	
14	39	416	0.978	
14	40	412	0.9622	
14	41	389	0.8801	
14	42	403	0.9563	
14	43	334	0.99	
14	44	330	0.8682	
14	45	176	0.8547	
14	46	182	0.9045	
14	47	391	0.8211	
14	48	461	0.8701	
15	1	117	0.9282	
15	2	119	0.8559	
15	3	386	0.8677	
15	4	357	0.9326	
15	5	319	0.8115	
15	6	326	0.8046	
15	7	349	0.8672	
15	8	345	0.9298	
15	9	205	1.0051	
15	10	195	0.7968	
15	11	371	0.9157	
15	12	366	0.9095	
15	13	183	1.0317	
15	14	164	0.8715	
15	15	394	0.9201	
15	16	353	0.9287	
15	17	314	0.9307	
15	18	346	0.8802	
15	19	386	0.8872	
15	20	389	0.8744	
15	21	345	0.9298	
15	22	351	0.8068	
15	23	227	0.8641	
15	24	219	0.8763	
15	25	370	0.878	
15	26	349	0.8531	
15	27	344	0.9839	
15	28	322	0.921	
15	29	343	0.7095	
15	30	361	0.8297	
15	31	262	0.833	
15	32	307	0.9099	
15	33	0	NA	
15	34	0	NA	
15	35	52	1.2022	
15	36	74	1.1268	
15	37	0	NA	
15	38	0	NA	
15	39	347	0.8914	
15	40	358	0.8416	
15	41	0	NA	
15	42	0	NA	
15	43	383	0.7874	
15	44	412	0.8707	
15	45	0	NA	
15	46	0	NA	
15	47	405	0.9309	
15	48	476	0.8053	
16	1	116	0.7399	
16	2	113	0.9939	
16	3	380	0.8734	
16	4	352	0.8688	
16	5	306	0.833	
16	6	312	0.9416	
16	7	342	0.9542	
16	8	338	0.9597	
16	9	170	0.9256	
16	10	188	0.8723	
16	11	366	0.8887	
16	12	363	0.8614	
16	13	205	1.0287	
16	14	185	1.0175	
16	15	426	0.9427	
16	16	393	0.9929	
16	17	376	0.8781	
16	18	355	0.9904	
16	19	356	0.9761	
16	20	346	0.9259	
16	21	355	0.9339	
16	22	361	0.9828	
16	23	231	0.7626	
16	24	243	0.8022	
16	25	386	0.8283	
16	26	378	0.8365	
16	27	347	0.8767	
16	28	326	0.9256	
16	29	369	0.8294	
16	30	357	0.8025	
16	31	286	0.9889	
16	32	304	0.8851	
16	33	0	NA	
16	34	0	NA	
16	35	65	0.935	
16	36	65	0.9897	
16	37	0	NA	
16	38	0	NA	
16	39	380	0.8734	
16	40	386	0.916	
16	41	0	NA	
16	42	0	NA	
16	43	411	0.9598	
16	44	425	0.8481	
16	45	0	NA	
16	46	0	NA	
16	47	443	0.8533	
16	48	494	0.881	
17	1	406	0.9126	
17	2	374	0.9771	
17	3	371	0.9219	
17	4	328	0.9479	
17	5	338	0.9202	
17	6	336	0.7899	
17	7	249	0.9211	
17	8	267	0.9602	
17	9	354	0.8943	
17	10	333	0.9455	
17	11	256	0.9206	
17	12	266	0.984	
17	13	0	NA	
17	14	0	NA	
17	15	0	NA	
17	16	0	NA	
17	17	343	0.9179	
17	18	311	0.9218	
17	19	294	0.9524	
17	20	306	0.8688	
17	21	359	0.9287	
17	22	411	0.8631	
17	23	0	NA	
17	24	0	NA	
17	25	288	0.9879	
17	26	290	0.7952	
17	27	125	0.9248	
17	28	116	0.9893	
17	29	315	0.9171	
17	30	298	0.8833	
17	31	162	0.9364	
17	32	168	0.9018	
17	33	285	0.8297	
17	34	293	0.9315	
17	35	0	NA	
17	36	0	NA	
17	37	427	0.9814	
17	38	425	0.8481	
17	39	0	NA	
17	40	0	NA	
17	41	418	0.925	
17	42	425	0.8925	
17	43	0	NA	
17	44	0	NA	
17	45	452	0.9638	
17	46	445	0.9205	
17	47	258	0.8139	
17	48	272	1.0062	
18	1	386	0.9283	
18	2	347	0.8767	
18	3	362	0.832	
18	4	330	0.8682	
18	5	355	0.9734	
18	6	327	0.9353	
18	7	255	0.9908	
18	8	239	0.8042	
18	9	329	0.8312	
18	10	318	0.9774	
18	11	278	0.877	
18	12	258	1.0111	
18	13	0	NA	
18	14	0	NA	
18	15	0	NA	
18	16	0	NA	
18	17	323	0.816	
18	18	310	0.8932	
18	19	326	0.8786	
18	20	310	0.9188	
18	21	381	0.9102	
18	22	432	0.956	
18	23	0	NA	
18	24	0	NA	
18	25	304	0.9957	
18	26	278	0.9882	
18	27	98	0.9741	
18	28	99	0.984	
18	29	321	0.9942	
18	30	317	0.9001	
18	31	174	1.0424	
18	32	155	0.7599	
18	33	284	1.0014	
18	34	304	0.9175	
18	35	0	NA	
18	36	0	NA	
18	37	429	0.9348	
18	38	416	0.9715	
18	39	0	NA	
18	40	0	NA	
18	41	435	0.8379	
18	42	434	0.9604	
18	43	0	NA	
18	44	0	NA	
18	45	461	0.8016	
18	46	450	0.8925	
18	47	251	0.885	
18	48	227	0.9983	
19	1	450	0.8422	
19	2	399	0.8639	
19	3	329	0.9341	
19	4	310	0.9188	
19	5	317	0.8483	
19	6	287	0.8727	
19	7	332	0.8734	
19	8	322	0.8272	
19	9	346	0.8888	
19	10	334	0.9653	
19	11	352	0.9106	
19	12	341	0.876	
19	13	304	0.8335	
19	14	320	0.8563	
19	15	311	0.8988	
19	16	321	0.9346	
19	17	229	0.8898	
19	18	215	0.9054	
19	19	360	0.8543	
19	20	339	0.9229	
19	21	323	0.8414	
19	22	340	0.9098	
19	23	167	0.8665	
19	24	188	1.034	
19	25	206	0.8864	
19	26	201	0.9326	
19	27	366	0.7571	
19	28	367	0.9272	
19	29	202	0.8254	
19	30	206	0.8864	
19	31	403	0.9785	
19	32	406	0.9699	
19	33	0	NA	
19	34	0	NA	
19	35	258	0.8681	
19	36	255	0.826	
19	37	0	NA	
19	38	0	NA	
19	39	0	NA	
19	40	0	NA	
19	41	0	NA	
19	42	0	NA	
19	43	476	0.9114	
19	44	451	0.7997	
19	45	0	NA	
19	46	0	NA	
19	47	415	0.9184	
19	48	483	0.9782	
20	1	444	0.8261	
20	2	370	0.7889	
20	3	324	0.8732	
20	4	311	0.9812	
20	5	286	0.9889	
20	6	303	0.8603	
20	7	315	0.8788	
20	8	312	0.9919	
20	9	327	0.962	
20	10	324	0.8524	
20	11	316	0.8972	
20	12	339	0.9295	
20	13	275	0.8362	
20	14	279	0.798	
20	15	282	0.8575	
20	16	321	0.9346	
20	17	229	0.9357	
20	18	237	0.8841	
20	19	332	0.9496	
20	20	349	0.9501	
20	21	306	0.839	
20	22	317	0.8692	
20	23	170	0.9826	
20	24	166	0.7879	
20	25	203	0.9953	
20	26	189	0.9178	
20	27	334	0.864	
20	28	326	0.9256	
20	29	211	0.8807	
20	30	225	0.9194	
20	31	412	0.8222	
20	32	434	0.7914	
20	33	0	NA	
20	34	0	NA	
20	35	244	0.9481	
20	36	273	0.8843	
20	37	0	NA	
20	38	0	NA	
20	39	0	NA	
20	40	0	NA	
20	41	0	NA	
20	42	0	NA	
20	43	427	0.8833	
20	44	436	0.87	
20	45	0	NA	
20	46	0	NA	
20	47	427	0.7282	
20	48	519	0.8901	
21	1	450	0.8139	
21	2	398	0.9664	
21	3	366	0.8227	
21	4	354	0.9248	
21	5	315	0.9682	
21	6	323	0.9748	
21	7	321	0.9277	
21	8	291	0.9181	
21	9	244	0.8847	
21	10	235	0.8946	
21	11	151	0.9528	
21	12	154	0.8901	
21	13	290	0.9394	
21	14	287	0.9924	
21	15	183	0.8491	
21	16	203	0.8927	
21	17	318	0.9258	
21	18	317	0.9466	
21	19	109	0.816	
21	20	106	0.9745	
21	21	328	0.8287	
21	22	323	0.9335	
21	23	0	NA	
21	24	0	NA	
21	25	336	0.9374	
21	26	314	0.9548	
21	27	296	0.7478	
21	28	310	0.8959	
21	29	317	0.9229	
21	30	363	0.7859	
21	31	0	NA	
21	32	0	NA	
21	33	362	0.9687	
21	34	355	0.8969	
21	35	156	1.0498	
21	36	152	0.8569	
21	37	0	NA	
21	38	0	NA	
21	39	432	0.9211	
21	40	396	0.9615	
21	41	425	0.7907	
21	42	406	0.9126	
21	43	313	0.9875	
21	44	350	0.9765	
21	45	398	0.9148	
21	46	443	0.9741	
21	47	0	NA	
21	48	0	NA	
22	1	480	0.8394	
22	2	396	0.7902	
22	3	368	0.9297	
22	4	370	0.9734	
22	5	340	0.8945	
22	6	332	0.9427	
22	7	321	0.8304	
22	8	310	0.8649	
22	9	232	0.9983	
22	10	219	0.9423	
22	11	141	0.9596	
22	12	138	0.8483	
22	13	269	0.895	
22	14	308	0.9129	
22	15	182	0.9672	
22	16	214	0.9621	
22	17	320	0.8419	
22	18	336	0.8778	
22	19	94	0.8119	
22	20	125	0.947	
22	21	319	0.8747	
22	22	316	0.8753	
22	23	0	NA	
22	24	0	NA	
22	25	317	0.9818	
22	26	284	0.8481	
22	27	291	0.9181	
22	28	305	0.9697	
22	29	297	0.9804	
22	30	346	0.9259	
22	31	0	NA	
22	32	0	NA	
22	33	356	0.9594	
22	34	357	0.8811	
22	35	164	0.8715	
22	36	137	1.0556	
22	37	0	NA	
22	38	0	NA	
22	39	378	0.8184	
22	40	369	0.8815	
22	41	386	0.8411	
22	42	419	0.9568	
22	43	286	0.9441	
22	44	358	0.958	
22	45	346	0.9325	
22	46	438	0.874	
22	47	0	NA	
22	48	0	NA	
23	1	352	0.9821	
23	2	348	0.9313	
23	3	374	0.8462	
23	4	370	0.9132	
23	5	0	NA	
23	6	0	NA	
23	7	323	0.7972	
23	8	286	0.8858	
23	9	296	0.9771	
23	10	309	0.957	
23	11	303	0.8981	
23	12	330	0.9781	
23	13	0	NA	
23	14	0	NA	
23	15	353	0.7812	
23	16	356	0.9527	
23	17	289	0.8951	
23	18	310	0.9188	
23	19	251	0.9285	
23	20	253	0.9174	
23	21	276	0.8393	
23	22	271	0.855	
23	23	169	0.8769	
23	24	130	0.9618	
23	25	355	0.912	
23	26	339	0.8424	
23	27	124	0.9554	
23	28	111	1.0205	
23	29	322	0.9375	
23	30	345	0.8377	
23	31	290	0.8819	
23	32	292	0.9459	
23	33	0	NA	
23	34	0	NA	
23	35	447	0.9531	
23	36	408	0.7746	
23	37	0	NA	
23	38	0	NA	
23	39	223	0.9807	
23	40	198	0.8091	
23	41	0	NA	
23	42	0	NA	
23	43	364	0.9981	
23	44	362	0.9756	
23	45	0	NA	
23	46	0	NA	
23	47	423	0.8515	
23	48	501	0.8476	
24	1	413	0.9493	
24	2	343	0.9739	
24	3	380	0.8409	
24	4	365	0.9937	
24	5	0	NA	
24	6	0	NA	
24	7	335	0.8813	
24	8	291	0.9012	
24	9	339	0.8231	
24	10	296	0.9771	
24	11	300	0.8028	
24	12	325	0.8911	
24	13	0	NA	
24	14	0	NA	
24	15	372	0.8362	
24	16	371	0.8863	
24	17	299	0.8552	
24	18	277	0.8423	
24	19	250	0.9917	
24	20	252	0.9791	
24	21	256	0.8139	
24	22	257	0.9986	
24	23	151	0.8819	
24	24	139	0.9105	
24	25	292	0.7949	
24	26	340	0.8311	
24	27	123	0.8057	
24	28	116	0.8343	
24	29	326	0.8786	
24	30	344	0.8409	
24	31	277	0.9962	
24	32	288	0.9086	
24	33	0	NA	
24	34	0	NA	
24	35	401	0.8605	
24	36	381	0.9102	
24	37	0	NA	
24	38	0	NA	
24	39	213	0.9883	
24	40	210	0.9235	
24	41	0	NA	
24	42	0	NA	
24	43	352	0.8893	
24	44	353	0.9287	
24	45	0	NA	
24	46	0	NA	
24	47	410	0.9216	
24	48	468	0.9147	
25	1	468	0.8886	
25	2	412	0.7408	
25	3	379	0.8711	
25	4	364	0.9672	
25	5	241	0.8174	
25	6	250	0.8815	
25	7	328	0.9381	
25	8	294	0.8559	
25	9	254	0.8783	
25	10	252	0.8319	
25	11	287	0.9297	
25	12	302	0.8082	
25	13	339	0.8919	
25	14	368	0.8019	
25	15	0	NA	
25	16	0	NA	
25	17	344	0.8218	
25	18	366	0.9794	
25	19	97	0.8918	
25	20	99	1.1048	
25	21	323	0.8856	
25	22	356	0.8644	
25	23	310	0.9856	
25	24	321	0.8802	
25	25	311	0.9218	
25	26	295	0.8809	
25	27	293	0.8175	
25	28	288	0.9582	
25	29	264	0.9309	
25	30	260	0.9814	
25	31	323	0.9012	
25	32	350	0.8361	
25	33	357	0.8871	
25	34	386	0.8411	
25	35	372	0.8887	
25	36	383	0.915	
25	37	280	0.8672	
25	38	283	0.9342	
25	39	0	NA	
25	40	0	NA	
25	41	401	0.8122	
25	42	364	0.8696	
25	43	288	0.7897	
25	44	292	0.9043	
25	45	349	0.8672	
25	46	355	0.8032	
25	47	394	0.9056	
25	48	458	0.8401	
26	1	533	0.8847	
26	2	448	0.8756	
26	3	394	0.8914	
26	4	376	0.928	
26	5	251	0.9285	
26	6	248	0.8992	
26	7	338	0.9045	
26	8	272	0.9405	
26	9	302	0.8281	
26	10	269	1.024	
26	11	298	0.8523	
26	12	309	0.9159	
26	13	314	0.9477	
26	14	362	0.9299	
26	15	0	NA	
26	16	0	NA	
26	17	358	0.8896	
26	18	334	0.8787	
26	19	113	0.7904	
26	20	93	1.0911	
26	21	335	0.8325	
26	22	343	0.9739	
26	23	312	0.8349	
26	24	300	0.9221	
26	25	316	0.9713	
26	26	305	0.8162	
26	27	296	0.9411	
26	28	267	0.9602	
26	29	270	0.8746	
26	30	234	0.9562	
26	31	341	0.9125	
26	32	369	0.9322	
26	33	333	0.9524	
26	34	350	0.9433	
26	35	395	0.9225	
26	36	395	0.8295	
26	37	292	0.9459	
26	38	280	0.9243	
26	39	0	NA	
26	40	0	NA	
26	41	382	0.8587	
26	42	368	0.9848	
26	43	282	0.9135	
26	44	309	0.8996	
26	45	369	0.964	
26	46	375	0.8563	
26	47	415	0.8849	
26	48	481	0.9265	
27	1	0	NA	
27	2	0	NA	
27	3	438	0.8687	
27	4	391	0.8789	
27	5	0	NA	
27	6	0	NA	
27	7	350	0.8842	
27	8	338	0.8342	
27	9	121	0.8603	
27	10	130	0.8292	
27	11	374	0.8734	
27	12	301	0.8763	
27	13	300	0.8518	
27	14	324	0.904	
27	15	243	0.9172	
27	16	259	0.8234	
27	17	0	NA	
27	18	0	NA	
27	19	366	0.9794	
27	20	365	0.9767	
27	21	278	1.008	
27	22	291	0.8323	
27	23	319	1.0064	
27	24	318	0.9849	
27	25	0	NA	
27	26	0	NA	
27	27	290	0.9394	
27	28	270	0.8913	
27	29	302	0.9353	
27	30	302	0.9353	
27	31	232	0.9283	
27	32	235	0.9322	
27	33	0	NA	
27	34	0	NA	
27	35	0	NA	
27	36	0	NA	
27	37	0	NA	
27	38	0	NA	
27	39	435	0.9565	
27	40	418	0.9762	
27	41	0	NA	
27	42	0	NA	
27	43	307	0.9868	
27	44	311	0.9054	
27	45	0	NA	
27	46	0	NA	
27	47	391	0.852	
27	48	466	0.9243	
28	1	0	NA	
28	2	0	NA	
28	3	457	0.8383	
28	4	405	0.8635	
28	5	0	NA	
28	6	0	NA	
28	7	378	0.9393	
28	8	371	0.821	
28	9	109	0.9019	
28	10	123	1.0052	
28	11	370	0.7383	
28	12	316	0.8118	
28	13	296	0.9411	
28	14	307	0.8781	
28	15	250	0.9248	
28	16	247	1.0093	
28	17	0	NA	
28	18	0	NA	
28	19	378	0.9178	
28	20	347	0.9065	
28	21	251	0.8679	
28	22	273	0.8152	
28	23	329	0.8595	
28	24	344	0.9365	
28	25	0	NA	
28	26	0	NA	
28	27	300	0.9054	
28	28	273	1.0099	
28	29	303	0.9815	
28	30	308	0.8967	
28	31	202	0.8883	
28	32	234	0.9282	
28	33	0	NA	
28	34	0	NA	
28	35	0	NA	
28	36	0	NA	
28	37	0	NA	
28	38	0	NA	
28	39	375	0.9633	
28	40	375	0.7709	
28	41	0	NA	
28	42	0	NA	
28	43	317	1.0269	
28	44	327	0.9944	
28	45	0	NA	
28	46	0	NA	
28	47	406	0.8657	S
28	48	527	0.8516	S
29	1	191	0.8218	
29	2	278	0.9802	
29	3	430	0.8709	
29	4	381	0.8302	
29	5	354	0.9094	
29	6	376	0.8923	
29	7	0	NA	
29	8	0	NA	
29	9	367	0.9272	
29	10	346	0.9653	
29	11	292	0.9903	
29	12	276	0.8941	
29	13	296	0.8404	
29	14	296	0.8554	
29	15	300	0.9291	
29	16	292	0.9903	
29	17	396	0.8444	
29	18	395	0.8741	
29	19	297	0.9621	
29	20	313	0.9046	
29	21	187	0.9081	
29	22	174	1.0315	
29	23	319	0.9287	
29	24	331	0.8362	
29	25	99	0.984	
29	26	110	1.0442	
29	27	270	0.9085	
29	28	257	0.8325	
29	29	218	0.9296	
29	30	238	0.9169	
29	31	237	0.9483	
29	32	263	0.9729	
29	33	112	0.8286	
29	34	127	0.9785	
29	35	0	NA	
29	36	0	NA	
29	37	310	0.7832	
29	38	313	0.7908	
29	39	346	0.7953	
29	40	335	0.9346	
29	41	368	0.8403	
29	42	364	0.8838	
29	43	277	0.9847	
29	44	300	0.9123	
29	45	374	0.8734	
29	46	438	0.8871	
29	47	0	NA	
29	48	0	NA	
30	1	179	0.9513	
30	2	236	0.9643	
30	3	403	0.7877	
30	4	410	0.8013	
30	5	380	0.9165	
30	6	382	0.9275	
30	7	0	NA	
30	8	0	NA	
30	9	347	0.8914	
30	10	364	0.9741	
30	11	315	0.9938	
30	12	320	0.8928	
30	13	324	0.8381	
30	14	297	0.9442	
30	15	244	0.8847	
30	16	278	0.9802	
30	17	341	0.8971	
30	18	375	0.8757	
30	19	290	1.0028	
30	20	294	0.9705	
30	21	178	0.9236	
30	22	177	1.0231	
30	23	297	0.937	
30	24	320	1.0095	
30	25	106	0.9323	
30	26	99	0.9397	
30	27	255	0.8045	
30	28	261	1.0141	
30	29	219	0.8949	
30	30	225	0.9895	
30	31	230	0.8755	
30	32	272	0.9405	
30	33	125	0.7974	
30	34	129	0.9278	
30	35	0	NA	
30	36	0	NA	
30	37	352	0.942	
30	38	324	0.867	
30	39	338	0.9202	
30	40	333	0.9624	
30	41	359	0.807	
30	42	342	0.8847	
30	43	295	0.8525	
30	44	290	0.8819	
30	45	363	0.8672	
30	46	450	0.9309	
30	47	0	NA	
30	48	0	NA	
31	1	483	0.8447	
31	2	437	0.9177	
31	3	408	0.9378	
31	4	388	0.9735	
31	5	0	NA	
31	6	0	NA	
31	7	424	0.918	
31	8	359	0.8776	
31	9	304	0.9175	
31	10	313	0.8733	
31	11	331	0.9076	
31	12	374	0.8875	
31	13	0	NA	
31	14	0	NA	
31	15	345	0.997	
31	16	310	0.8738	
31	17	245	0.9519	
31	18	210	1.0296	
31	19	231	0.8376	
31	20	201	0.9326	
31	21	265	0.9163	
31	22	285	0.9232	
31	23	346	0.9259	
31	24	298	0.8314	
31	25	49	1.0271	
31	26	41	0.9974	
31	27	297	0.9804	
31	28	298	0.8676	
31	29	286	0.9889	
31	30	264	0.8954	
31	31	325	0.8021	
31	32	379	0.8711	
31	33	0	NA	
31	34	0	NA	
31	35	399	0.9688	
31	36	417	0.9228	
31	37	0	NA	
31	38	0	NA	
31	39	385	0.989	
31	40	347	0.8914	
31	41	0	NA	
31	42	0	NA	
31	43	386	0.8411	
31	44	383	0.9362	
31	45	0	NA	
31	46	0	NA	
31	47	522	0.9203	S
31	48	615	0.7845	S
32	1	535	0.9051	
32	2	456	0.8247	
32	3	436	0.9076	
32	4	396	0.8763	
32	5	0	NA	
32	6	0	NA	
32	7	456	0.9044	
32	8	389	0.9536	
32	9	371	0.8339	
32	10	309	0.8621	
32	11	359	0.9675	
32	12	424	0.918	
32	13	0	NA	
32	14	0	NA	
32	15	464	0.8757	
32	16	403	0.8336	
32	17	347	0.8767	
32	18	329	0.8804	
32	19	366	0.9794	
32	20	363	0.9171	
32	21	368	0.8326	
32	22	379	0.9736	
32	23	433	0.9435	
32	24	472	0.9281	
32	25	132	0.8114	
32	26	130	0.9732	
32	27	465	0.9088	
32	28	435	0.881	
32	29	421	0.9377	
32	30	378	0.806	
32	31	446	0.8468	
32	32	492	0.8555	
32	33	0	NA	
32	34	0	NA	
32	35	571	0.8294	
32	36	541	0.8314	
32	37	0	NA	
32	38	0	NA	
32	39	507	0.8745	
32	40	466	0.8848	
32	41	0	NA	
32	42	0	NA	
32	43	461	0.901	
32	44	492	0.7846	
32	45	0	NA	
32	46	0	NA	
32	47	569	0.8792	
32	48	571	0.9477	S
