# gitter v1.1 data file generated on Fri Oct 09 10:06:21 2015
# Warning possible misgridding: high count of small colony sizes, high count of low colony circularity
# Flags: S - Colony spill or edge interference, C - Low colony circularity
# row	col	size	circularity	flags
1	1	626	0.2738	C
1	2	378	0.3183	C
1	3	481	0.3802	C
1	4	424	0.445	C
1	5	438	0.2802	C
1	6	529	0.2311	S,C
1	7	531	0.2442	S,C
1	8	418	0.3843	C
1	9	419	0.3698	C
1	10	479	0.3782	C
1	11	373	0.1973	C
1	12	413	0.3056	C
1	13	488	0.3994	C
1	14	505	0.4963	C
1	15	345	0.2866	C
1	16	377	0.2525	C
1	17	143	0.1383	C
1	18	155	0.1291	C
1	19	516	0.5318	C
1	20	496	0.349	S,C
1	21	458	0.5851	C
1	22	454	0.3377	C
1	23	474	0.3613	C
1	24	533	0.4089	S,C
1	25	506	0.4497	C
1	26	407	0.1632	S,C
1	27	472	0.3393	C
1	28	434	0.3065	C
1	29	491	0.9515	
1	30	411	0.9154	
1	31	380	0.8734	
1	32	394	0.9631	
1	33	488	0.2387	C
1	34	480	0.2255	C
1	35	0	NA	
1	36	0	NA	
1	37	428	0.8722	
1	38	444	0.5605	C
1	39	398	0.1625	C
1	40	481	0.3118	S,C
1	41	543	0.2122	S,C
1	42	451	0.2213	C
1	43	469	0.242	C
1	44	440	0.2366	C
1	45	488	0.2604	C
1	46	399	0.883	
1	47	492	0.3235	C
1	48	604	0.4951	C
2	1	487	0.6051	
2	2	394	0.9724	
2	3	410	0.973	
2	4	422	0.9137	
2	5	357	0.9719	
2	6	333	0.987	
2	7	381	0.9251	
2	8	393	0.9178	
2	9	407	0.9007	
2	10	404	0.9651	
2	11	222	0.8806	
2	12	254	0.9588	
2	13	396	0.9615	
2	14	368	0.9453	
2	15	203	0.9332	
2	16	226	0.8781	
2	17	61	0.9679	
2	18	69	0.8843	
2	19	381	0.9692	
2	20	345	0.9232	S
2	21	295	0.9482	
2	22	289	0.9188	
2	23	281	0.935	
2	24	288	0.969	
2	25	278	0.9802	
2	26	296	0.5227	S,C
2	27	285	0.9935	
2	28	284	1.0096	
2	29	331	0.9467	
2	30	347	0.9514	
2	31	236	0.9443	
2	32	281	0.9276	
2	33	259	0.9391	
2	34	309	0.9396	
2	35	0	NA	
2	36	0	NA	
2	37	375	0.9474	
2	38	375	0.9866	
2	39	251	0.8679	
2	40	276	0.9111	
2	41	410	0.9638	
2	42	415	0.9692	
2	43	401	0.9014	
2	44	398	0.9823	
2	45	421	0.8786	
2	46	424	0.9531	
2	47	379	0.9418	
2	48	445	0.9429	
3	1	0	NA	
3	2	0	NA	
3	3	0	NA	
3	4	0	NA	
3	5	0	NA	
3	6	0	NA	
3	7	0	NA	
3	8	0	NA	
3	9	0	NA	
3	10	0	NA	
3	11	0	NA	
3	12	0	NA	
3	13	0	NA	
3	14	0	NA	
3	15	0	NA	
3	16	0	NA	
3	17	0	NA	
3	18	0	NA	
3	19	0	NA	
3	20	0	NA	
3	21	0	NA	
3	22	0	NA	
3	23	0	NA	
3	24	0	NA	
3	25	0	NA	
3	26	0	NA	
3	27	0	NA	
3	28	0	NA	
3	29	0	NA	
3	30	0	NA	
3	31	0	NA	
3	32	0	NA	
3	33	0	NA	
3	34	0	NA	
3	35	0	NA	
3	36	0	NA	
3	37	0	NA	
3	38	0	NA	
3	39	0	NA	
3	40	0	NA	
3	41	0	NA	
3	42	0	NA	
3	43	0	NA	
3	44	0	NA	
3	45	0	NA	
3	46	0	NA	
3	47	0	NA	
3	48	0	NA	
4	1	0	NA	
4	2	0	NA	
4	3	0	NA	
4	4	0	NA	
4	5	0	NA	
4	6	0	NA	
4	7	0	NA	
4	8	0	NA	
4	9	0	NA	
4	10	0	NA	
4	11	0	NA	
4	12	0	NA	
4	13	0	NA	
4	14	0	NA	
4	15	0	NA	
4	16	0	NA	
4	17	0	NA	
4	18	0	NA	
4	19	0	NA	
4	20	0	NA	
4	21	0	NA	
4	22	0	NA	
4	23	0	NA	
4	24	0	NA	
4	25	0	NA	
4	26	0	NA	
4	27	0	NA	
4	28	0	NA	
4	29	0	NA	
4	30	0	NA	
4	31	0	NA	
4	32	0	NA	
4	33	0	NA	
4	34	0	NA	
4	35	0	NA	
4	36	0	NA	
4	37	0	NA	
4	38	0	NA	
4	39	0	NA	
4	40	0	NA	
4	41	0	NA	
4	42	0	NA	
4	43	0	NA	
4	44	0	NA	
4	45	0	NA	
4	46	0	NA	
4	47	0	NA	
4	48	0	NA	
5	1	499	0.9153	
5	2	486	0.9639	
5	3	192	0.9865	
5	4	203	1.0187	
5	5	396	0.9774	
5	6	349	0.9501	
5	7	367	0.8571	
5	8	371	0.9157	
5	9	457	0.9597	
5	10	457	0.9256	
5	11	0	NA	
5	12	0	NA	
5	13	480	0.9246	
5	14	468	0.9282	
5	15	127	0.9396	
5	16	113	1.0871	
5	17	396	0.984	
5	18	389	0.9828	
5	19	250	1.0003	
5	20	258	0.9355	
5	21	331	0.9637	
5	22	320	0.9911	
5	23	248	1.0134	
5	24	253	1.0123	
5	25	275	0.9327	
5	26	282	0.8734	
5	27	389	0.9666	
5	28	372	0.9556	
5	29	337	0.8657	
5	30	315	1.0015	
5	31	392	0.9154	
5	32	339	0.987	
5	33	251	0.9285	
5	34	286	0.9889	
5	35	161	0.9792	
5	36	188	0.9434	
5	37	387	0.8895	
5	38	430	0.9169	
5	39	0	NA	
5	40	0	NA	
5	41	471	0.9539	
5	42	481	0.8949	
5	43	0	NA	
5	44	0	NA	
5	45	461	0.9337	
5	46	438	0.8871	
5	47	466	0.9163	
5	48	505	0.8831	
6	1	513	0.9545	
6	2	501	0.9593	
6	3	220	0.9382	
6	4	198	1.0173	
6	5	403	0.9785	
6	6	404	0.9081	
6	7	370	0.9284	
6	8	315	0.9756	
6	9	434	0.9604	
6	10	480	0.9059	
6	11	0	NA	
6	12	0	NA	
6	13	494	0.8472	
6	14	499	0.9418	
6	15	150	0.9321	
6	16	133	0.9198	
6	17	409	0.9194	
6	18	388	0.9802	
6	19	258	0.9624	
6	20	259	1.0063	
6	21	336	1.0034	
6	22	373	0.9582	
6	23	271	0.9447	
6	24	274	0.9854	
6	25	318	0.9849	
6	26	309	0.9748	
6	27	398	0.9729	
6	28	418	0.9827	
6	29	434	0.9604	
6	30	334	0.99	
6	31	382	0.9718	
6	32	357	0.9789	
6	33	271	1.0025	
6	34	293	1.0131	
6	35	176	0.9353	
6	36	192	0.8909	
6	37	406	0.879	
6	38	428	0.9326	
6	39	0	NA	
6	40	0	NA	
6	41	463	0.9723	
6	42	486	0.9499	
6	43	0	NA	
6	44	0	NA	
6	45	476	0.9847	
6	46	449	0.923	
6	47	480	0.9382	
6	48	515	0.8833	
7	1	0	NA	
7	2	0	NA	
7	3	0	NA	
7	4	0	NA	
7	5	0	NA	
7	6	0	NA	
7	7	0	NA	
7	8	0	NA	
7	9	0	NA	
7	10	0	NA	
7	11	0	NA	
7	12	0	NA	
7	13	0	NA	
7	14	0	NA	
7	15	0	NA	
7	16	0	NA	
7	17	0	NA	
7	18	0	NA	
7	19	0	NA	
7	20	0	NA	
7	21	0	NA	
7	22	0	NA	
7	23	0	NA	
7	24	0	NA	
7	25	0	NA	
7	26	0	NA	
7	27	0	NA	
7	28	0	NA	
7	29	0	NA	
7	30	0	NA	
7	31	0	NA	
7	32	0	NA	
7	33	0	NA	
7	34	0	NA	
7	35	0	NA	
7	36	0	NA	
7	37	0	NA	
7	38	0	NA	
7	39	0	NA	
7	40	0	NA	
7	41	0	NA	
7	42	0	NA	
7	43	0	NA	
7	44	0	NA	
7	45	0	NA	
7	46	0	NA	
7	47	0	NA	
7	48	0	NA	
8	1	0	NA	
8	2	0	NA	
8	3	0	NA	
8	4	0	NA	
8	5	0	NA	
8	6	0	NA	
8	7	0	NA	
8	8	0	NA	
8	9	0	NA	
8	10	0	NA	
8	11	0	NA	
8	12	0	NA	
8	13	0	NA	
8	14	0	NA	
8	15	0	NA	
8	16	0	NA	
8	17	0	NA	
8	18	0	NA	
8	19	0	NA	
8	20	0	NA	
8	21	0	NA	
8	22	0	NA	
8	23	0	NA	
8	24	0	NA	
8	25	0	NA	
8	26	0	NA	
8	27	0	NA	
8	28	0	NA	
8	29	0	NA	
8	30	0	NA	
8	31	0	NA	
8	32	0	NA	
8	33	0	NA	
8	34	0	NA	
8	35	0	NA	
8	36	0	NA	
8	37	0	NA	
8	38	0	NA	
8	39	0	NA	
8	40	0	NA	
8	41	0	NA	
8	42	0	NA	
8	43	0	NA	
8	44	0	NA	
8	45	0	NA	
8	46	0	NA	
8	47	0	NA	
8	48	0	NA	
9	1	547	0.9511	S
9	2	506	0.8798	S
9	3	325	1.0065	
9	4	316	0.9366	
9	5	361	0.9828	
9	6	380	0.8874	
9	7	323	0.9574	
9	8	365	0.9767	
9	9	425	0.9768	
9	10	483	0.9304	
9	11	0	NA	
9	12	0	NA	
9	13	482	0.9702	
9	14	479	0.8912	
9	15	123	1.0178	
9	16	119	1.0602	
9	17	483	0.9638	
9	18	451	0.9471	
9	19	402	0.945	
9	20	361	0.9338	
9	21	329	0.9179	
9	22	367	0.9272	
9	23	338	0.9768	
9	24	355	0.9904	
9	25	445	0.9635	
9	26	464	0.9397	
9	27	280	0.8672	
9	28	312	0.8859	
9	29	468	0.9147	
9	30	463	0.9578	
9	31	398	0.9664	
9	32	374	0.9449	
9	33	332	0.9738	
9	34	329	0.9179	
9	35	322	0.8412	
9	36	355	0.9664	
9	37	348	0.9155	
9	38	327	0.9944	
9	39	303	0.9384	
9	40	342	0.9377	
9	41	261	0.9203	
9	42	254	0.9588	
9	43	471	0.9399	
9	44	461	0.9681	
9	45	452	0.9849	
9	46	474	0.8999	
9	47	252	0.9791	
9	48	232	0.9203	
10	1	521	0.8599	S
10	2	462	0.9357	
10	3	317	0.9818	
10	4	307	0.9508	
10	5	314	0.8981	
10	6	339	0.8709	
10	7	310	0.978	
10	8	338	0.8892	
10	9	422	0.97	
10	10	464	0.9744	
10	11	0	NA	
10	12	0	NA	
10	13	468	0.8833	
10	14	460	0.9808	
10	15	121	1.0012	
10	16	115	0.9398	
10	17	456	0.8247	
10	18	426	0.9283	
10	19	391	0.9131	
10	20	399	0.9171	
10	21	354	0.8943	
10	22	349	0.8965	
10	23	379	0.9575	
10	24	364	0.9416	
10	25	440	0.9588	
10	26	452	0.9638	
10	27	307	0.9945	
10	28	311	0.9287	
10	29	466	0.9786	
10	30	452	0.935	
10	31	371	0.9219	
10	32	398	0.9729	
10	33	331	0.9235	
10	34	315	0.9337	
10	35	353	0.9131	
10	36	339	0.8769	
10	37	301	0.9394	
10	38	317	0.9229	
10	39	280	0.9682	
10	40	326	0.9913	
10	41	250	0.9917	
10	42	244	0.9288	
10	43	440	0.9737	
10	44	448	0.9762	
10	45	457	0.9806	
10	46	467	0.9128	
10	47	246	1.0052	
10	48	223	1.0118	
11	1	0	NA	
11	2	0	NA	
11	3	0	NA	
11	4	0	NA	
11	5	0	NA	
11	6	0	NA	
11	7	0	NA	
11	8	0	NA	
11	9	0	NA	
11	10	0	NA	
11	11	0	NA	
11	12	0	NA	
11	13	0	NA	
11	14	0	NA	
11	15	0	NA	
11	16	0	NA	
11	17	0	NA	
11	18	0	NA	
11	19	0	NA	
11	20	0	NA	
11	21	0	NA	
11	22	0	NA	
11	23	0	NA	
11	24	0	NA	
11	25	0	NA	
11	26	0	NA	
11	27	0	NA	
11	28	0	NA	
11	29	0	NA	
11	30	0	NA	
11	31	0	NA	
11	32	0	NA	
11	33	0	NA	
11	34	0	NA	
11	35	0	NA	
11	36	0	NA	
11	37	2	25.1327	
11	38	0	NA	
11	39	0	NA	
11	40	0	NA	
11	41	0	NA	
11	42	0	NA	
11	43	0	NA	
11	44	0	NA	
11	45	0	NA	
11	46	0	NA	
11	47	0	NA	
11	48	0	NA	
12	1	0	NA	
12	2	0	NA	
12	3	0	NA	
12	4	0	NA	
12	5	0	NA	
12	6	0	NA	
12	7	0	NA	
12	8	0	NA	
12	9	0	NA	
12	10	0	NA	
12	11	0	NA	
12	12	0	NA	
12	13	0	NA	
12	14	0	NA	
12	15	0	NA	
12	16	0	NA	
12	17	0	NA	
12	18	0	NA	
12	19	0	NA	
12	20	0	NA	
12	21	0	NA	
12	22	0	NA	
12	23	0	NA	
12	24	0	NA	
12	25	0	NA	
12	26	0	NA	
12	27	0	NA	
12	28	0	NA	
12	29	0	NA	
12	30	0	NA	
12	31	0	NA	
12	32	0	NA	
12	33	0	NA	
12	34	0	NA	
12	35	0	NA	
12	36	0	NA	
12	37	0	NA	
12	38	0	NA	
12	39	0	NA	
12	40	0	NA	
12	41	0	NA	
12	42	0	NA	
12	43	0	NA	
12	44	0	NA	
12	45	0	NA	
12	46	0	NA	
12	47	0	NA	
12	48	0	NA	
13	1	523	0.9327	
13	2	471	0.9891	
13	3	447	0.974	
13	4	389	0.9293	
13	5	342	0.9957	
13	6	336	1.0034	
13	7	219	0.9845	
13	8	267	0.8423	
13	9	448	0.9914	
13	10	459	0.9159	
13	11	193	1.0257	
13	12	181	0.9391	
13	13	421	0.9115	
13	14	376	0.8781	
13	15	270	0.9085	
13	16	304	0.9591	
13	17	376	0.9892	
13	18	377	0.9918	
13	19	370	0.9901	
13	20	351	0.9234	
13	21	393	0.9766	
13	22	415	0.9539	
13	23	442	0.9282	
13	24	450	0.9805	
13	25	458	0.9618	
13	26	463	0.9723	
13	27	469	0.9359	
13	28	456	0.9936	
13	29	398	0.9729	
13	30	357	0.9171	
13	31	325	0.9883	
13	32	355	0.9734	
13	33	314	0.9725	
13	34	296	0.9167	
13	35	365	0.9442	
13	36	382	0.9275	
13	37	331	0.9811	
13	38	380	0.9535	
13	39	130	0.935	
13	40	154	0.9467	
13	41	458	0.9766	
13	42	436	0.883	
13	43	414	0.9668	
13	44	446	0.9366	
13	45	452	0.9699	
13	46	513	0.892	S
13	47	0	NA	
13	48	0	NA	
14	1	551	0.9023	
14	2	512	0.8954	S
14	3	468	0.9147	S
14	4	424	0.8904	
14	5	430	0.937	
14	6	422	0.97	
14	7	244	0.9288	
14	8	225	0.9475	
14	9	430	0.8455	
14	10	431	0.8916	
14	11	183	1.0317	
14	12	169	1.0389	
14	13	315	0.9103	
14	14	380	0.9227	
14	15	312	0.9737	
14	16	263	1.0219	
14	17	353	0.9849	
14	18	360	0.9634	
14	19	366	0.9794	
14	20	358	0.8896	
14	21	370	0.9571	
14	22	384	0.9768	
14	23	439	0.9505	
14	24	449	0.9574	
14	25	465	0.9279	
14	26	462	0.9219	
14	27	476	0.9169	
14	28	451	0.9471	
14	29	394	0.9413	
14	30	339	0.987	
14	31	326	0.9663	
14	32	353	0.9446	
14	33	292	1.0097	
14	34	289	0.9724	
14	35	350	0.9938	
14	36	371	0.976	
14	37	348	0.9953	
14	38	395	0.9591	
14	39	136	0.8581	
14	40	161	1.0546	
14	41	429	0.9706	
14	42	422	0.97	
14	43	423	0.9723	
14	44	409	0.9194	
14	45	433	0.9861	
14	46	524	0.9556	S
14	47	0	NA	
14	48	0	NA	
15	1	0	NA	
15	2	0	NA	
15	3	0	NA	
15	4	0	NA	
15	5	0	NA	
15	6	0	NA	
15	7	0	NA	
15	8	0	NA	
15	9	0	NA	
15	10	0	NA	
15	11	0	NA	
15	12	0	NA	
15	13	0	NA	
15	14	0	NA	
15	15	0	NA	
15	16	0	NA	
15	17	0	NA	
15	18	0	NA	
15	19	0	NA	
15	20	0	NA	
15	21	0	NA	
15	22	0	NA	
15	23	0	NA	
15	24	0	NA	
15	25	0	NA	
15	26	0	NA	
15	27	0	NA	
15	28	0	NA	
15	29	0	NA	
15	30	0	NA	
15	31	0	NA	
15	32	0	NA	
15	33	0	NA	
15	34	0	NA	
15	35	0	NA	
15	36	0	NA	
15	37	0	NA	
15	38	0	NA	
15	39	0	NA	
15	40	0	NA	
15	41	0	NA	
15	42	0	NA	
15	43	0	NA	
15	44	0	NA	
15	45	0	NA	
15	46	0	NA	
15	47	0	NA	
15	48	0	NA	
16	1	0	NA	
16	2	0	NA	
16	3	0	NA	
16	4	0	NA	
16	5	0	NA	
16	6	0	NA	
16	7	0	NA	
16	8	0	NA	
16	9	0	NA	
16	10	0	NA	
16	11	0	NA	
16	12	0	NA	
16	13	0	NA	
16	14	0	NA	
16	15	0	NA	
16	16	0	NA	
16	17	0	NA	
16	18	0	NA	
16	19	0	NA	
16	20	0	NA	
16	21	0	NA	
16	22	0	NA	
16	23	0	NA	
16	24	0	NA	
16	25	0	NA	
16	26	0	NA	
16	27	0	NA	
16	28	0	NA	
16	29	0	NA	
16	30	0	NA	
16	31	0	NA	
16	32	0	NA	
16	33	0	NA	
16	34	0	NA	
16	35	0	NA	
16	36	0	NA	
16	37	0	NA	
16	38	0	NA	
16	39	0	NA	
16	40	0	NA	
16	41	0	NA	
16	42	0	NA	
16	43	0	NA	
16	44	0	NA	
16	45	0	NA	
16	46	0	NA	
16	47	0	NA	
16	48	0	NA	
17	1	0	NA	
17	2	0	NA	
17	3	510	0.917	
17	4	430	0.9516	
17	5	467	0.96	
17	6	433	0.8902	
17	7	426	0.9427	
17	8	420	0.9654	
17	9	419	0.985	
17	10	400	0.8991	
17	11	429	0.9555	
17	12	451	0.8945	
17	13	373	0.9813	
17	14	376	0.928	
17	15	424	0.9383	
17	16	448	0.9267	
17	17	411	0.9239	
17	18	394	0.9954	
17	19	402	0.8896	
17	20	424	0.9593	
17	21	386	0.9221	
17	22	394	0.9791	
17	23	434	0.9254	
17	24	448	0.9613	
17	25	405	0.9675	
17	26	451	0.8868	
17	27	409	0.9771	
17	28	397	0.8982	
17	29	278	0.9177	
17	30	251	1.0043	
17	31	251	0.9285	
17	32	246	0.9758	
17	33	365	0.9937	
17	34	337	0.9174	
17	35	335	0.9346	
17	36	331	0.9811	
17	37	355	0.9976	
17	38	373	0.9813	
17	39	348	0.9709	
17	40	358	0.9261	
17	41	402	0.9604	
17	42	392	0.9741	
17	43	381	1.0023	
17	44	392	0.9741	
17	45	440	0.9737	
17	46	478	0.9022	
17	47	472	0.8782	
17	48	496	0.9554	
18	1	0	NA	
18	2	0	NA	
18	3	496	0.8744	
18	4	399	0.9318	
18	5	454	0.968	
18	6	443	0.9107	
18	7	412	0.9059	
18	8	423	0.9361	
18	9	393	0.9766	
18	10	410	0.8934	
18	11	434	0.9254	
18	12	406	0.8847	
18	13	373	0.8911	
18	14	342	0.964	
18	15	413	0.9866	
18	16	404	0.9651	
18	17	388	0.9421	
18	18	389	0.9828	
18	19	401	0.9736	
18	20	406	0.9635	
18	21	396	0.9615	
18	22	381	0.9787	
18	23	431	0.9688	
18	24	376	0.9659	
18	25	381	0.8898	
18	26	436	0.9296	
18	27	398	0.989	
18	28	403	0.9851	
18	29	258	0.9355	
18	30	255	0.9433	
18	31	251	0.9285	
18	32	257	0.9986	
18	33	364	0.9196	
18	34	346	0.9824	
18	35	324	0.9433	
18	36	328	0.9899	
18	37	336	0.9147	
18	38	389	0.9666	
18	39	349	0.9737	
18	40	356	0.9527	
18	41	403	0.9628	
18	42	399	0.9688	
18	43	386	0.9985	
18	44	382	0.9882	
18	45	446	0.854	S
18	46	474	0.8946	S
18	47	469	0.9167	S
18	48	489	0.897	S
19	1	0	NA	
19	2	0	NA	
19	3	0	NA	
19	4	0	NA	
19	5	0	NA	
19	6	0	NA	
19	7	0	NA	
19	8	0	NA	
19	9	0	NA	
19	10	0	NA	
19	11	0	NA	
19	12	0	NA	
19	13	0	NA	
19	14	0	NA	
19	15	0	NA	
19	16	0	NA	
19	17	0	NA	
19	18	0	NA	
19	19	0	NA	
19	20	0	NA	
19	21	0	NA	
19	22	0	NA	
19	23	0	NA	
19	24	0	NA	
19	25	0	NA	
19	26	0	NA	
19	27	0	NA	
19	28	0	NA	
19	29	0	NA	
19	30	0	NA	
19	31	0	NA	
19	32	0	NA	
19	33	0	NA	
19	34	0	NA	
19	35	0	NA	
19	36	0	NA	
19	37	0	NA	
19	38	0	NA	
19	39	0	NA	
19	40	0	NA	
19	41	0	NA	
19	42	0	NA	
19	43	0	NA	
19	44	0	NA	
19	45	0	NA	
19	46	0	NA	
19	47	0	NA	
19	48	0	NA	
20	1	0	NA	
20	2	0	NA	
20	3	0	NA	
20	4	0	NA	
20	5	0	NA	
20	6	0	NA	
20	7	0	NA	
20	8	0	NA	
20	9	0	NA	
20	10	0	NA	
20	11	0	NA	
20	12	0	NA	
20	13	0	NA	
20	14	0	NA	
20	15	0	NA	
20	16	0	NA	
20	17	0	NA	
20	18	0	NA	
20	19	0	NA	
20	20	0	NA	
20	21	0	NA	
20	22	0	NA	
20	23	0	NA	
20	24	0	NA	
20	25	0	NA	
20	26	0	NA	
20	27	0	NA	
20	28	0	NA	
20	29	0	NA	
20	30	0	NA	
20	31	0	NA	
20	32	0	NA	
20	33	0	NA	
20	34	0	NA	
20	35	0	NA	
20	36	0	NA	
20	37	0	NA	
20	38	0	NA	
20	39	0	NA	
20	40	0	NA	
20	41	0	NA	
20	42	0	NA	
20	43	0	NA	
20	44	0	NA	
20	45	0	NA	
20	46	0	NA	
20	47	0	NA	
20	48	0	NA	
21	1	514	0.9701	
21	2	477	0.9133	
21	3	446	0.9169	
21	4	431	0.9688	
21	5	435	0.9078	
21	6	415	0.9184	
21	7	427	0.9304	
21	8	417	0.9738	
21	9	413	0.9645	
21	10	400	0.9647	
21	11	0	NA	
21	12	0	NA	
21	13	371	0.9692	
21	14	366	0.9794	
21	15	417	0.9435	
21	16	438	0.9339	
21	17	433	0.9036	
21	18	449	0.7962	
21	19	437	0.9671	
21	20	424	0.9745	
21	21	399	0.883	
21	22	378	0.8828	
21	23	295	0.9738	
21	24	302	0.9969	
21	25	409	0.9615	
21	26	367	0.8435	
21	27	359	0.886	
21	28	413	0.9866	
21	29	405	0.9309	
21	30	364	0.9741	
21	31	252	0.9322	
21	32	252	0.9791	
21	33	418	0.9457	
21	34	375	0.9474	
21	35	348	0.8648	
21	36	326	0.9663	
21	37	348	0.8792	
21	38	370	0.9284	
21	39	358	0.9261	
21	40	407	0.9149	
21	41	374	0.902	
21	42	386	0.9916	
21	43	431	0.9248	
21	44	451	0.9471	
21	45	155	0.9528	
21	46	153	0.9405	
21	47	481	0.9265	
21	48	493	0.9636	
22	1	558	0.9088	S
22	2	477	0.9602	S
22	3	455	0.9763	
22	4	420	0.9502	
22	5	432	0.9711	
22	6	387	1.0011	
22	7	419	0.9631	
22	8	412	0.9843	
22	9	368	0.9614	
22	10	392	0.9741	
22	11	0	NA	
22	12	0	NA	
22	13	392	0.9741	
22	14	364	0.9741	
22	15	435	0.9418	
22	16	444	0.9467	
22	17	454	0.9742	
22	18	448	0.9267	
22	19	433	0.9952	
22	20	411	0.9753	
22	21	389	0.8801	
22	22	374	0.8875	
22	23	263	0.9273	
22	24	268	1.0202	
22	25	354	0.9313	
22	26	357	0.996	
22	27	381	0.9787	
22	28	345	0.9868	
22	29	357	0.9171	
22	30	398	0.9148	
22	31	284	1.0014	
22	32	244	0.997	
22	33	437	0.9318	
22	34	395	0.9225	
22	35	407	0.9149	
22	36	344	0.9205	
22	37	382	0.898	
22	38	401	0.9303	
22	39	375	0.9866	
22	40	378	0.9393	
22	41	372	0.9955	
22	42	387	0.9397	
22	43	428	0.9621	
22	44	441	0.9548	
22	45	158	0.9969	
22	46	164	1.0348	
22	47	467	0.8996	
22	48	485	0.86	
23	1	0	NA	
23	2	0	NA	
23	3	0	NA	
23	4	0	NA	
23	5	0	NA	
23	6	0	NA	
23	7	0	NA	
23	8	0	NA	
23	9	0	NA	
23	10	0	NA	
23	11	0	NA	
23	12	0	NA	
23	13	0	NA	
23	14	0	NA	
23	15	0	NA	
23	16	0	NA	
23	17	0	NA	
23	18	0	NA	
23	19	0	NA	
23	20	0	NA	
23	21	0	NA	
23	22	0	NA	
23	23	0	NA	
23	24	0	NA	
23	25	0	NA	
23	26	0	NA	
23	27	0	NA	
23	28	0	NA	
23	29	0	NA	
23	30	0	NA	
23	31	0	NA	
23	32	0	NA	
23	33	0	NA	
23	34	0	NA	
23	35	0	NA	
23	36	0	NA	
23	37	0	NA	
23	38	0	NA	
23	39	0	NA	
23	40	0	NA	
23	41	0	NA	
23	42	0	NA	
23	43	0	NA	
23	44	0	NA	
23	45	0	NA	
23	46	0	NA	
23	47	0	NA	
23	48	0	NA	
24	1	0	NA	
24	2	0	NA	
24	3	0	NA	
24	4	0	NA	
24	5	0	NA	
24	6	0	NA	
24	7	0	NA	
24	8	0	NA	
24	9	0	NA	
24	10	0	NA	
24	11	0	NA	
24	12	0	NA	
24	13	0	NA	
24	14	0	NA	
24	15	0	NA	
24	16	0	NA	
24	17	0	NA	
24	18	0	NA	
24	19	0	NA	
24	20	0	NA	
24	21	0	NA	
24	22	0	NA	
24	23	0	NA	
24	24	0	NA	
24	25	0	NA	
24	26	0	NA	
24	27	0	NA	
24	28	0	NA	
24	29	0	NA	
24	30	0	NA	
24	31	0	NA	
24	32	0	NA	
24	33	0	NA	
24	34	0	NA	
24	35	0	NA	
24	36	0	NA	
24	37	0	NA	
24	38	0	NA	
24	39	0	NA	
24	40	0	NA	
24	41	0	NA	
24	42	0	NA	
24	43	0	NA	
24	44	0	NA	
24	45	0	NA	
24	46	0	NA	
24	47	0	NA	
24	48	0	NA	
25	1	592	0.9147	S
25	2	525	0.9309	S
25	3	443	0.9303	
25	4	417	0.8757	
25	5	433	0.9093	
25	6	390	0.9691	
25	7	356	0.9527	
25	8	428	0.9837	
25	9	415	0.9539	
25	10	410	0.9575	
25	11	406	0.9481	
25	12	390	0.9108	
25	13	394	0.9201	
25	14	430	0.9883	
25	15	0	NA	
25	16	0	NA	
25	17	460	0.8937	
25	18	444	0.9826	
25	19	375	0.9866	
25	20	362	0.9687	
25	21	320	0.9658	
25	22	382	0.9651	
25	23	254	1.0163	
25	24	267	0.9307	
25	25	247	1.0093	
25	26	224	1.007	
25	27	378	0.9116	
25	28	393	0.9389	
25	29	390	0.9853	
25	30	346	0.9824	
25	31	107	0.8744	
25	32	106	0.841	
25	33	179	0.8983	
25	34	181	1.0204	
25	35	456	0.9723	
25	36	436	0.9356	
25	37	346	0.9259	
25	38	354	0.8267	
25	39	348	0.9474	
25	40	362	0.9083	
25	41	400	0.9341	
25	42	398	0.9356	
25	43	334	0.9002	
25	44	294	0.9275	
25	45	432	0.956	
25	46	458	0.8822	
25	47	421	0.8841	
25	48	451	0.9827	
26	1	609	0.8091	S
26	2	542	0.9555	S
26	3	460	0.9457	
26	4	431	0.886	
26	5	446	0.9718	
26	6	406	0.8526	
26	7	372	0.9032	
26	8	379	0.9054	
26	9	423	0.9361	
26	10	422	0.9763	
26	11	394	0.9791	
26	12	400	0.8529	
26	13	423	0.9723	
26	14	439	0.9715	
26	15	0	NA	
26	16	0	NA	
26	17	433	0.9521	
26	18	411	0.9662	
26	19	396	0.9615	
26	20	384	0.9701	
26	21	373	0.9813	
26	22	339	1.0123	
26	23	268	0.9267	
26	24	261	0.9025	
26	25	274	0.9474	
26	26	205	0.9015	
26	27	403	0.9785	
26	28	376	0.9343	
26	29	336	0.9279	
26	30	350	0.9695	
26	31	91	0.9351	
26	32	110	0.9382	
26	33	195	1.0118	
26	34	159	0.919	
26	35	479	0.9909	
26	36	429	0.9147	
26	37	386	0.9372	
26	38	386	0.9372	
26	39	360	0.9871	
26	40	364	0.9981	
26	41	403	0.9851	
26	42	414	0.9668	
26	43	307	0.9868	
26	44	325	0.9989	
26	45	444	0.9675	
26	46	453	0.9871	
26	47	444	0.9675	
26	48	469	0.9167	
27	1	0	NA	
27	2	0	NA	
27	3	0	NA	
27	4	0	NA	
27	5	0	NA	
27	6	0	NA	
27	7	0	NA	
27	8	0	NA	
27	9	0	NA	
27	10	0	NA	
27	11	0	NA	
27	12	0	NA	
27	13	0	NA	
27	14	0	NA	
27	15	0	NA	
27	16	0	NA	
27	17	0	NA	
27	18	0	NA	
27	19	0	NA	
27	20	0	NA	
27	21	0	NA	
27	22	0	NA	
27	23	0	NA	
27	24	0	NA	
27	25	0	NA	
27	26	0	NA	
27	27	0	NA	
27	28	0	NA	
27	29	0	NA	
27	30	0	NA	
27	31	0	NA	
27	32	0	NA	
27	33	0	NA	
27	34	0	NA	
27	35	0	NA	
27	36	0	NA	
27	37	0	NA	
27	38	0	NA	
27	39	0	NA	
27	40	0	NA	
27	41	0	NA	
27	42	0	NA	
27	43	0	NA	
27	44	0	NA	
27	45	0	NA	
27	46	0	NA	
27	47	0	NA	
27	48	0	NA	
28	1	0	NA	
28	2	0	NA	
28	3	0	NA	
28	4	0	NA	
28	5	0	NA	
28	6	0	NA	
28	7	0	NA	
28	8	0	NA	
28	9	0	NA	
28	10	0	NA	
28	11	0	NA	
28	12	0	NA	
28	13	0	NA	
28	14	0	NA	
28	15	0	NA	
28	16	0	NA	
28	17	0	NA	
28	18	0	NA	
28	19	0	NA	
28	20	0	NA	
28	21	0	NA	
28	22	0	NA	
28	23	0	NA	
28	24	0	NA	
28	25	0	NA	
28	26	0	NA	
28	27	0	NA	
28	28	0	NA	
28	29	0	NA	
28	30	0	NA	
28	31	0	NA	
28	32	0	NA	
28	33	0	NA	
28	34	0	NA	
28	35	0	NA	
28	36	0	NA	
28	37	0	NA	
28	38	0	NA	
28	39	0	NA	
28	40	0	NA	
28	41	0	NA	
28	42	0	NA	
28	43	0	NA	
28	44	0	NA	
28	45	0	NA	
28	46	0	NA	
28	47	0	NA	
28	48	0	NA	
29	1	0	NA	
29	2	0	NA	
29	3	601	0.8396	S
29	4	547	0.8791	S
29	5	0	NA	
29	6	0	NA	
29	7	460	0.9457	S
29	8	351	0.9393	
29	9	320	0.9731	
29	10	317	0.9466	
29	11	348	0.9313	
29	12	389	0.9666	
29	13	415	0.9184	
29	14	407	0.9355	
29	15	389	0.9601	
29	16	333	0.9065	
29	17	425	0.9768	
29	18	460	0.966	
29	19	374	0.9771	
29	20	390	0.9317	
29	21	441	0.9759	
29	22	439	0.9566	
29	23	336	0.9374	
29	24	354	0.9805	
29	25	392	0.9972	
29	26	400	0.9492	
29	27	138	1.021	
29	28	137	0.9854	
29	29	407	0.9789	
29	30	395	0.9749	
29	31	381	0.9314	
29	32	381	0.9251	
29	33	382	0.9492	
29	34	472	0.9225	
29	35	0	NA	
29	36	0	NA	
29	37	475	0.968	
29	38	415	0.9692	
29	39	421	0.974	
29	40	433	0.9797	
29	41	412	0.892	
29	42	407	0.9882	
29	43	414	0.9162	
29	44	414	0.9668	
29	45	407	0.9149	
29	46	475	0.9284	
29	47	388	0.831	
29	48	471	0.9342	
30	1	0	NA	
30	2	0	NA	
30	3	612	0.9285	S
30	4	627	0.9815	S
30	5	0	NA	
30	6	0	NA	
30	7	561	0.8782	S
30	8	465	0.9279	S
30	9	401	0.9278	
30	10	419	0.9631	
30	11	406	0.9699	
30	12	394	0.8856	
30	13	418	0.9762	
30	14	461	0.9477	
30	15	399	0.9318	
30	16	391	0.9341	
30	17	468	0.9339	
30	18	457	0.9395	
30	19	406	0.9481	
30	20	425	0.9261	
30	21	482	0.9822	
30	22	449	0.9429	
30	23	382	0.9651	
30	24	331	0.9811	
30	25	469	0.9302	
30	26	484	0.9323	
30	27	154	0.9823	
30	28	167	1.0005	
30	29	421	0.9613	
30	30	448	0.9914	
30	31	295	0.8744	
30	32	278	0.9802	
30	33	438	0.9198	
30	34	397	0.9798	
30	35	0	NA	
30	36	0	NA	
30	37	336	0.9374	
30	38	458	0.914	
30	39	466	0.964	
30	40	449	0.9634	
30	41	423	0.9723	
30	42	464	0.9539	
30	43	466	0.9108	
30	44	470	0.9322	S
30	45	513	0.9682	S
30	46	524	0.9111	
30	47	481	0.9458	S
30	48	485	0.8772	S
31	1	0	NA	
31	2	0	NA	
31	3	0	NA	
31	4	0	NA	
31	5	0	NA	
31	6	0	NA	
31	7	0	NA	
31	8	0	NA	
31	9	0	NA	
31	10	0	NA	
31	11	0	NA	
31	12	0	NA	
31	13	0	NA	
31	14	0	NA	
31	15	0	NA	
31	16	0	NA	
31	17	0	NA	
31	18	0	NA	
31	19	0	NA	
31	20	0	NA	
31	21	0	NA	
31	22	0	NA	
31	23	0	NA	
31	24	0	NA	
31	25	0	NA	
31	26	0	NA	
31	27	0	NA	
31	28	0	NA	
31	29	0	NA	
31	30	0	NA	
31	31	0	NA	
31	32	0	NA	
31	33	0	NA	
31	34	0	NA	
31	35	0	NA	
31	36	0	NA	
31	37	0	NA	
31	38	0	NA	
31	39	0	NA	
31	40	0	NA	
31	41	0	NA	
31	42	0	NA	
31	43	0	NA	
31	44	0	NA	
31	45	0	NA	
31	46	0	NA	
31	47	0	NA	
31	48	0	NA	
32	1	0	NA	
32	2	0	NA	
32	3	0	NA	
32	4	0	NA	
32	5	0	NA	
32	6	0	NA	
32	7	0	NA	
32	8	0	NA	
32	9	0	NA	
32	10	0	NA	
32	11	0	NA	
32	12	0	NA	
32	13	0	NA	
32	14	0	NA	
32	15	0	NA	
32	16	0	NA	
32	17	0	NA	
32	18	0	NA	
32	19	0	NA	
32	20	0	NA	
32	21	0	NA	
32	22	0	NA	
32	23	0	NA	
32	24	0	NA	
32	25	0	NA	
32	26	0	NA	
32	27	0	NA	
32	28	0	NA	
32	29	0	NA	
32	30	0	NA	
32	31	0	NA	
32	32	0	NA	
32	33	0	NA	
32	34	0	NA	
32	35	0	NA	
32	36	0	NA	
32	37	0	NA	
32	38	0	NA	
32	39	0	NA	
32	40	0	NA	
32	41	0	NA	
32	42	0	NA	
32	43	0	NA	
32	44	0	NA	
32	45	0	NA	
32	46	0	NA	
32	47	0	NA	
32	48	0	NA	
